id,ime
0000034,William Holden
0841797,Gloria Swanson
0002233,Erich von Stroheim
0647970,Nancy Olson
0163939,Fred Clark
0332221,Lloyd Gough
0916131,Jack Webb
0267916,Franklyn Farnum
0086627,Larry J. Blake
0206742,Charles Dayton
0001124,Cecil B. DeMille
0394407,Hedda Hopper
0000036,Buster Keaton
0632160,Anna Q. Nilsson
0912478,H.B. Warner
0263143,Ray Evans
0515254,Jay Livingston
0017674,Fred Aldrich
0000697,Billy Wilder
0000012,Bette Davis
0000879,Anne Baxter
0001695,George Sanders
0002141,Celeste Holm
0581282,Gary Merrill
0549280,Hugh Marlowe
0711855,Gregory Ratoff
0060845,Barbara Bates
0000054,Marilyn Monroe
0728812,Thelma Ritter
0358899,Walter Hampden
0835836,Randy Stuart
0384154,Craig Hill
0364988,Leland Harris
0924487,Barbara White
0279469,Eddie Fisher
0700422,William Pullen
0835140,Claude Stroud
0000581,Joseph L. Mankiewicz
0001536,Toshirô Mifune
0477553,Machiko Kyô
0605270,Masayuki Mori
0793766,Takashi Shimura
0156928,Minoru Chiaki
0879918,Kichijirô Ueda
0393352,Noriko Honma
0441961,Daisuke Katô
0000041,Akira Kurosawa
0000071,James Stewart
0285922,Wallace Ford
0528621,William H. Lynn
0395067,Victoria Horne
0924964,Jesse White
0445523,Cecil Kellaway
0236866,Charles Drake
0235627,Peggy Dow
0401449,Josephine Hull
0117194,Nana Bryant
0590013,Grace Mills
0079681,Clem Bevans
6172450,Harvey
0180679,Gino Corrado
0193354,Jack Curtis
0601287,Ida Moore
0915519,Billy Wayne
0040090,Gertrude Astor
0467396,Henry Koster
0382217,Thor Heyerdahl
1111265,Herman Watzinger
1310185,Erik Hesselberg
0369363,Knut Haugland
1110608,Torstein Raaby
0200174,Bengt Danielsson
0336121,Ben Grauer
1311650,Gerte Wald
0391062,Judy Holliday
0002024,Broderick Crawford
0820643,Howard St. John
0653239,Frank Otto
0646915,Larry Oliver
0113072,Barbara Brown
0722438,Grandon Rhodes
0137393,Claire Carleton
0104585,Chet Brandenburg
0133802,Charles Cane
0248304,Helen Eby-Rock
0537167,Mike Mahoney
0548001,Paul Marion
0563090,William Mays
0605899,John Morley
0661146,David Pardoll
0802093,Bhogwan Singh
0002030,George Cukor
0001207,José Ferrer
0694580,Mala Powers
0697733,William Prince
0138885,Morris Carnovsky
0163404,Ralph Clanton
0180987,Lloyd Corrigan
0267808,Virginia Farmer
0057422,Edgar Barrier
0893900,Elena Verdugo
0147088,Albert Cavens
0086478,Arthur Blake
0065975,Don Beddoe
0375887,Percy Helton
0160417,Virginia Christine
0710250,Gilman Rankin
0888349,Philip Van Zandt
0801612,Eric Sinclair
0043285,Richard Avonde
0330456,Michael Gordon
0001847,Richard Widmark
0007222,Paul Douglas
0000895,Barbara Bel Geddes
0001588,Jack Palance
0609216,Zero Mostel
0728349,Dan Riss
0177320,Tommy Cook
0099859,Wilson Bourg Jr.
0113110,Beverly C. Brown
0153083,Lewis Charles
0183047,Herman Cottman
4153915,John David
0212985,William A. Dean
0234126,Robert Dorsen
0251246,George Ehmig
0288637,H. Waller Fowler Jr.
0338987,Darwin Greenfield
0396177,Paul Hostetler
0001415,Elia Kazan
0427543,Barry Jones
0603682,André Morell
0806058,Olive Sloane
0541261,Sheila Manahan
0189177,Hugh Cross
0382995,Joan Hickson
0010580,Ronald Adam
0628638,Marie Ney
0325649,Wyndham Goldie
0914170,Russell Waters
0090796,Martin Boddey
0020524,Frederick Allen
0534658,Victor Maddern
0444584,Geoffrey Keen
0611089,Merrill Mueller
0000722,Joss Ackland
0026754,Gerald Andersen
0026876,Jean Anderson
0099589,John Boulting
0099592,Roy Boulting
0002149,Betty Hutton
0444476,Howard Keel
0129894,Louis Calhern
0619798,J. Carrol Naish
0036427,Edward Arnold
0943978,Keenan Wynn
0893463,Benay Venuta
0839069,Clinton Sundberg
0007961,Dorothy Abbott
0035147,Bette Arlen
0047446,Polly Bailey
0068234,Hal Bell
0073590,Evelyn Beresford
0077799,Margaret Bert
6267412,Norman Borine
0111012,Tex Brodus
0113504,Eleanor Brown
0124820,Archie Butler
0796645,George Sidney
0000923,Busby Berkeley
0000039,Deborah Kerr
0001289,Stewart Granger
0137999,Richard Carlson
0351947,Hugo Haas
0319557,Lowell Gilmore
0454134,Kimursi
0802826,Siriaque
0782800,Sekaryongo
0063326,Baziga
0025601,Munto Anampio
0052308,John Banner
0070886,Benempinga
0349162,Gutare
0412178,Ivargwema
0746705,Henry Rowland
0071682,Compton Bennett
0554249,Andrew Marton
0545298,Fredric March
0280904,Robert J. Flaherty
0528032,Richard Lyford
0644289,Curt Oertel
0001893,John Archer
0027566,Warner Anderson
0694631,Tom Powers
0921879,Dick Wesson
0639895,Erin O&#x27;Brien-Moore
0141111,Steve Carruthers
0307325,Jack Gargan
0321930,Everett Glass
0447320,Kenner G. Kemp
0543319,Knox Manning
0589009,Mike Miller
0681635,Irving Pichel
0764972,Cosmo Sardo
0821282,Grace Stafford
0828260,Bert Stevens
0911970,Ted Warde
0000046,Vivien Leigh
0000008,Marlon Brando
0001375,Kim Hunter
0001500,Karl Malden
0094036,Rudy Bond
0219528,Nick Dennis
0384976,Peg Hillias
0455389,Wright King
0308257,Richard Garrick
0220280,Ann Dere
0858777,Edna Thomas
0474139,Mickey Kuhn
0033706,Mel Archer
0045839,Walter Bacon
0069895,Dahn Ben Amotz
0112062,Joe Brooks
0134783,Marietta Canty
0313478,John George
0001050,Montgomery Clift
0000072,Elizabeth Taylor
0001859,Shelley Winters
0720843,Anne Revere
0105462,Keefe Brasselle
0000994,Raymond Burr
0382229,Herbert Heyes
0791805,Shepperd Strudwick
0408586,Frieda Inescort
0321469,Kathryn Givney
0761340,Walter Sande
0208125,Ted de Corsia
0725891,John Ridgely
0153611,Lois Chartrand
0293659,Paul Frees
0026434,Robert J. Anderson
0828419,George Stevens
0000007,Humphrey Bogart
0000031,Katharine Hepburn
0605923,Robert Morley
0119988,Peter Bull
0000942,Theodore Bikel
0331770,Walter Gotell
0822842,Peter Swanwick
0549424,Richard Marner
0033426,Harry Arbour
0424159,Errol John
0492149,Joseph Layode
0648736,Gerald Onn
0902576,John von Kotze
0001379,John Huston
0000027,Alec Guinness
0391361,Stanley Holloway
0416228,Sidney James
0060023,Alfie Bass
0276155,Marjorie Fielding
0552236,Edie Martin
0758151,John Salew
0357418,Arthur Hambling
0572324,Gibb McLaughlin
0339992,John Gregson
0607948,Clive Morton
0846407,Sydney Tafler
0121783,Marie Burke
0000030,Audrey Hepburn
0289302,William Fox
0873985,Michael Trubshawe
0373553,Ann Heffernan
0187769,Charles Crichton
0000037,Gene Kelly
0001989,Leslie Caron
0505157,Oscar Levant
0350250,Georges Guétary
0001225,Nina Foch
0024740,Robert Ames
0026913,Joan Anderson
0028759,Marie Antoinette Andrews
0036530,Larry Arnold
0051377,Martha Bamattre
3576722,Felice Basso
0060528,Charles Bastin
1060636,Joan Bayley
3576599,Janine Bergez
0081280,Rodney Bieber
0086636,Madge Blake
0089698,Ralph Blum
0090197,Nan Boardman
0591486,Vincente Minnelli
0220566,Richard Derr
0750640,Barbara Rush
0361048,Peter Hansen
0398466,John Hoyt
0444122,Larry Keating
0024720,Rachel Ames
0153679,Stephen Chase
0128326,Frank Cady
0740718,Hayden Rorke
0317637,Sandro Giglio
0001906,Kirk Alyn
0063038,Mary Bayless
0096618,Nina Borget
0152504,Robert Chapman
0172321,Gene Collins
0174607,James Congdon
0005789,Rudolph Maté
0487292,Mario Lanza
0001955,Ann Blyth
0457025,Dorothy Kirsten
0637229,Jarmila Novotna
0006119,Richard Hageman
0717203,Carl Benton Reid
0291829,Eduard Franz
0232213,Ludwig Donath
0621002,Alan Napier
0433439,Pál Jávor
0589594,Carl Milletaire
0579684,Shepard Menken
0719710,Vincent Renno
0656980,Nestor Paiva
0697094,Peter Price
0797974,Mario Siletti
0164650,Angela Clarke
0938052,Ian Wolfe
0861703,Richard Thorpe
0001078,Bing Crosby
0943837,Jane Wyman
0807252,Alexis Smith
0867144,Franchot Tone
0059165,James Barton
0445290,Robert Keith
0312643,Jacques Gencel
0913340,Beverly Washburn
0431445,Nicholas Joy
0318349,Connie Gilchrist
0146185,Walter Catlett
0179289,Ellen Corby
0715284,Alan Reed
0121707,James Burke
0326809,Minna Gombell
0045784,Irving Bacon
0001008,Frank Capra
0000011,Gary Cooper
0000038,Grace Kelly
0593775,Thomas Mitchell
0000978,Lloyd Bridges
0432827,Katy Jurado
0472603,Otto Kruger
0001033,Lon Chaney Jr.
0604702,Harry Morgan
0531756,Ian MacDonald
0574670,Eve McVeagh
0267670,Morgan Farley
0788288,Harry Shannon
0001812,Lee Van Cleef
0929057,Robert J. Wilke
0941125,Sheb Wooley
0007342,Lee Aaker
5280431,Ernest Baldwin
0051618,Benjie Bancroft
0003593,Fred Zinnemann
0000122,Charles Chaplin
0001954,Claire Bloom
0115558,Nigel Bruce
0152261,Sydney Chaplin
0516093,Norman Lloyd
0251063,Andre Eglevsky
0370781,Melissa Hayden
0071913,Marjorie Bennett
0238725,Wheeler Dryden
0076150,Barry Bernard
0448852,Stapleton Kent
0322728,Molly Glessing
0610950,Leonard Mudie
0881022,Loyal Underwood
0689444,&#x27;Snub&#x27; Pollard
0525021,Julian Ludwig
6243154,Billy Lee Aimone
0693560,Georges Poujouly
0287637,Brigitte Fossey
0025523,Amédée
0046133,Laurence Badie
0053884,Madeleine Barbulée
0183790,Suzanne Courtal
0399471,Lucien Hubert
0547462,Jacques Marin
0581142,Marcel Mérovée
0598368,Violette Monnier
0702446,Denise Péronne
0747016,Fernande Roy
0756788,Louis Saintève
0913607,André Wasley
0256709,André Enard
5541840,Marcelle Feuillade
8217543,Roger Fossey
0378589,Louis Herbert
0167496,René Clément
0001805,Lana Turner
0000018,Kirk Douglas
0682074,Walter Pidgeon
0694090,Dick Powell
0837959,Barry Sullivan
0002108,Gloria Grahame
0738042,Gilbert Roland
0001991,Leo G. Carroll
0114847,Vanessa Brown
0829717,Paul Stewart
0925429,Sammy White
0829359,Elaine Stewart
0872683,Ivan Triesault
0012175,Jay Adler
0003224,Stanley Andrews
0035680,Del Armstrong
0039954,Ben Astar
0082511,Barbara Billingsley
0000078,John Wayne
0000058,Maureen O&#x27;Hara
0280178,Barry Fitzgerald
0000955,Ward Bond
0572142,Victor McLaglen
0622450,Mildred Natwick
0285643,Francis Ford
0189618,Eileen Crowe
0185953,May Craig
0793168,Arthur Shields
0280649,Charles B. Fitzsimons
0510181,James O&#x27;Hara
0565887,Sean McClory
0532290,Jack MacGowran
0640620,Joseph O&#x27;Dea
0331064,Eric Gorman
0492514,Kevin Lawless
0640823,Paddy O&#x27;Donnell
0000406,John Ford
0000044,Burt Lancaster
0095804,Shirley Booth
0601930,Terry Moore
0001395,Richard Jaeckel
0643211,Philip Ober
0561487,Edwin Max
0326589,Lisa Golm
0446011,Walter Kelley
0298333,Robert Fuller
0321982,Ned Glass
0351744,William Haade
0356198,Virginia Hall
0423460,Anthony Jochim
0498608,Peter Leeds
0570468,Kitty McHugh
0574707,Paul McVey
0600563,Beverly Mook
0612062,Virginia Mullen
0542702,Daniel Mann
0676492,Jean Peters
0000063,Anthony Quinn
0936476,Joseph Wiseman
0608909,Arnold Moss
0546712,Margo
0330241,Harold Gordon
0318153,Lou Gilbert
0798826,Frank Silvera
0024700,Florenz Ames
0740378,Fay Roope
0242972,Mildred Dunnock
0015976,Rico Alaniz
5146893,Daniel Armijo
0046564,Ross Bagdasarian
0046812,Salvador Baguez
0001248,Zsa Zsa Gabor
0282530,Suzanne Flon
0634488,Claude Nollier
0441251,Katherine Kath
0809421,Muriel Smith
0163515,Mary Clare
0187957,Walter Crisham
0440661,Harold Kasket
0486946,Georges Lannes
0598777,Lee Montague
0841842,Maureen Swanson
0501384,Tutte Lemkow
0071824,Jill Bennett
0001088,Peter Cushing
0141202,Charles Carson
0189293,Walter Cross
0724732,Ralph Richardson
0002897,Ann Todd
0665902,Nigel Patrick
0433188,John Justin
0792163,Dinah Sheridan
0866627,Joseph Tomelty
0001186,Denholm Elliott
0020600,Jack Allen
0584194,Ralph Michael
1812777,Rodney Goodall
0365999,Donald Harron
0391644,Vincent Holman
1030252,Jolyon Jackley
0611345,Douglas Muir
0680587,Leslie Phillips
0811013,Anthony Snell
0818095,Sally-Jane Spencer
0877839,Robert Brooks Turner
0000180,David Lean
0001333,Susan Hayward
0001983,Rory Calhoun
0915536,David Wayne
0001822,Robert Wagner
0922505,Helen Westcott
0580916,Una Merkel
0020005,Richard Allan
0795289,Max Showalter
0646828,Eddie Oliver
0016251,John Alban
0035504,Gordon Armitage
0041598,Eleanor Audley
0048448,Frank Baker
0049852,Bill Baldwin
0102251,Jack Boyle
0103362,Paul Bradley
0112201,Ralph Brooks
0485943,Walter Lang
0000032,Charlton Heston
0664273,Cornel Wilde
0483787,Dorothy Lamour
0928295,Henry Wilcoxon
0079328,Lyle Bettger
0862937,Lawrence Tierney
0446374,Emmett Kelly
0190975,Cucciola
0174234,Antoinette Concello
0636026,John Ringling North
0312672,Tuffy Genders
0446120,John Kellogg
0928207,Frank Wilcox
0141311,Robert Carson
0000075,Spencer Tracy
0000074,Gene Tierney
0004496,Van Johnson
0312890,Leo Genn
0011625,Dawn Addams
0215000,John Dehner
0412443,Tommy Ivo
0237286,Noel Drayton
2015175,The Mayflower
0017580,John Alderson
0110375,Roger Broaddus
0114127,Loren Brown
0146905,Paul Cavanagh
0176855,Gene Coogan
0179321,Noreen Corcoran
0113284,Clarence Brown
0000060,Gregory Peck
0000734,Eddie Albert
0694403,Hartley Power
0930732,Harcourt Williams
0712615,Margaret Rawlings
0138479,Tullio Carminati
0137567,Paolo Carlini
0259599,Claudio Ermelli
0095979,Paola Borboni
0729866,Alfredo Rizzo
0812726,Laura Solari
0330926,Gorella Gori
0024363,Armando Ambrogi
0030433,Armando Annuale
0034257,Maurizio Arena
0046785,Silvio Bagolini
0049331,Nadia Balabine
0943758,William Wyler
0852279,Don Taylor
0695937,Otto Preminger
0833865,Robert Strauss
0501183,Harvey Lembeck
0258757,Richard Erdman
0336335,Peter Graves
0104507,Neville Brand
0750079,Sig Ruman
0601620,Michael Moore
0049975,Peter Baldwin
0832139,Robinson Stone
0790065,Robert Shawley
0682809,William Pierson
0833645,Gil Stratton
0492817,Jay Lawrence
0436209,Erwin Kalser
0874522,Edmund Trzcinski
0000042,Alan Ladd
0000795,Jean Arthur
0001336,Van Heflin
0001121,Brandon De Wilde
0424565,Ben Johnson
0118000,Edgar Buchanan
0583093,Emile Meyer
0176879,Elisha Cook Jr.
0817930,Douglas Spencer
0226109,John Dierkes
1547109,John Miller
0263330,Edith Evanson
0835012,Leonard Strong
0818724,Ray Spiker
0140849,Janice Carroll
0001656,Donna Reed
0000069,Frank Sinatra
0789485,Mickey Shaughnessy
0068772,Harry Bellaver
0000308,Ernest Borgnine
0912001,Jack Warden
0112392,John Dennis
0871419,Merle Travis
0752878,Tim Ryan
0444426,Arthur Keegan
0607077,Barbara Morrison
0015391,Claude Akins
0049137,Vicki Bakken
0058334,Margaret Barstow
0382548,Winston Hibler
0019282,James Algar
0002072,Mel Ferrer
0001922,Jean-Pierre Aumont
0441069,Kurt Kasznar
0086469,Amanda Blake
0314778,Alex Gerry
0241589,Ralph Dumke
0333807,Wilton Graff
0062736,George Baxter
0096470,Nick Borgani
1242632,Gene Conklin
0188149,Paul Cristo
0204639,George Davis
1519516,Jeannine Ducasse
0283170,Bess Flowers
0337138,Richard Grayson
0349798,Claude Guy
0910199,Charles Walters
0000051,James Mason
0000024,John Gielgud
0639529,Edmond O&#x27;Brien
0002093,Greer Garson
0534317,George Macready
0665327,Michael Pate
0354989,Richard Hale
0183184,William Cottrell
0706978,Jack Raine
0681055,William Phipps
0000013,Doris Day
0572885,Allyn Ann McLerie
0137023,Philip Carey
0367670,Paul Harvey
0424793,Chubby Johnson
0730344,Gale Robbins
0011535,Victor Adamson
0023007,Leon Alton
0028166,Monya Andre
0033815,Beulah Archuletta
0043035,Emile Avery
0068216,George Bell
0071986,Ray Bennett
0088285,Billy Bletcher
0124877,David Butler
0367928,Kazuo Hasegawa
0945299,Isao Yamagata
0475872,Yatarô Kurokawa
0051812,Kôtarô Bandô
0853392,Jun Tazaki
0784119,Koreya Senda
0793674,Masao Shimizu
0410965,Tatsuya Ishiguro
0879971,Kenjirô Uemura
0793643,Gen Shimizu
0032894,Michiko Araki
0590918,Yoshie Minami
0596097,Kikue Môri
0434595,Ryôsuke Kagawa
0032900,Shinobu Araki
0768029,Kunitarô Sawamura
0467043,Kanji Koshiba
0455938,Teinosuke Kinugasa
0925804,Jon Whiteley
0935844,Vincent Winter
0180920,Adrienne Corri
0534280,Duncan Macrae
0212470,Francis De Wolff
0840109,James Sutherland
0706022,John Rae
0829450,Jack Stewart
0164050,Jameson Clark
0940175,Eric Woodburn
0066472,Christopher Beeny
0174987,Howard Connell
2049715,Danny
1738171,Anthony Michael Heathcoat
0567018,Alex McCrindle
0494885,Philip Leacock
0058001,Gene Barry
0732378,Ann Robinson
0871876,Les Tremayne
0180452,Robert Cornthwaite
0552683,Lewis Martin
0828864,Houseley Stevenson Jr.
0723731,Vernon Rich
0104770,Henry Brandon
0472816,Jack Kruschen
0362567,Cedric Hardwicke
0011262,Peter Adams
0017458,Eric Alden
0020582,Hugh Allen
0055464,Ruth Barnell
0005738,Byron Haskin
0916067,Clifton Webb
0001766,Barbara Stanwyck
0198241,Audrey Dalton
0000731,Brian Aherne
0000865,Richard Basehart
0430870,Allyn Joslyn
0865185,James Todd
0074047,Frances Bergen
0426954,William Johnstone
0013934,Patrick Aherne
0026039,Merry Anders
0087253,Eumenio Blanco
0064416,Eugene Borden
0624535,Jean Negulesco
0000009,Richard Burton
0001739,Jean Simmons
0001514,Victor Mature
0719692,Michael Rennie
0732717,Jay Robinson
0415591,Dean Jagger
0857147,Torin Thatcher
0095524,Richard Boone
0820615,Betta St. John
0607504,Jeff Morrow
0857658,Ernest Thesiger
0039169,Leon Askin
0030516,Michael Ansara
0038066,Jan Arvan
0059177,John Barton
0581062,Ethel Merman
0640307,Donald O&#x27;Connor
0893584,Vera-Ellen
0212461,Billy De Wolfe
0200626,Helmut Dantine
0805790,Walter Slezak
0314065,Steven Geray
0836724,Ludwig Stössel
0803785,Lilia Skala
0227644,Charles Dingle
0663183,Emory Parnell
0019922,Elizabeth Allan
0043554,Hanna Axmann-Rezzori
0067589,Leon Belasco
0073472,Oscar Beregi Sr.
0285319,Don Forbes
0902226,Theodore von Eltz
0000740,Irwin Allen
0002011,Lee J. Cobb
0001768,Rod Steiger
0377416,Pat Henning
0002063,Leif Erickson
0922599,James Westerfield
0301977,Tony Galento
0561157,Tami Mauriello
0357910,John F. Hamilton
0374939,John Heldabrand
0085737,Don Blackman
0800047,Abe Simon
0001693,Eva Marie Saint
0000842,Martin Balsam
0074636,Dan Bergin
0556399,Giulietta Masina
0798570,Aldo Silvani
0746279,Marcella Rovena
0893425,Livia Venturini
0147566,Pietro Ceccarelli
0302853,Giovanna Galli
0320399,Gustavo Giorgi
1856108,Yami Kamadeva
0664811,Mario Passante
0697586,Anna Primula
2024204,Alexandre Trannoy
0402231,Goffredo Unger
0820670,Nazzareno Zamperla
0000019,Federico Fellini
0002369,John Williams
0405054,Martha Hyer
0901143,Joan Vohs
0197950,Marcel Dalio
0384787,Marcel Hillaire
0908063,Nella Walker
0124279,Francis X. Bushman
0013866,David Ahdar
0047450,Raymond Bailey
0070757,Brooks Benedict
0103326,Lovyss Bradley
0645422,Mariko Okada
0586733,Rentarô Mikuni
0648802,Kurôemon Onoe
0944779,Kaoru Yachigusa
0593930,Mitsuko Mito
0594542,Eiko Miyoshi
0386284,Akihiko Hirata
0008354,Kusuo Abe
0654712,Eitarô Ozawa
0849423,Akira Tani
0648543,Seijirô Onda
0559603,Fumindo Matsuo
0959989,Masanobu Ôkubo
0453769,Takuzô Kumagai
0784770,Akira Sera
0875496,Yasuhisa Tsutsumi
0755403,Yutaka Sada
0408348,Hiroshi Inagaki
0007225,Jane Powell
0724143,Jeff Richards
0848560,Russ Tamblyn
0707720,Tommy Rall
0686885,Marc Platt
0560443,Matt Mattox
0195073,Jacques d&#x27;Amboise
0628325,Julie Newmar
0453025,Nancy Kilgas
0139607,Betty Carr
0317208,Virginia Gibson
0498181,Ruta Lee
0230497,Norma Doggett
0677962,Howard Petrie
0059134,Earl Barton
0228099,Dante DiPaolo
0002045,Stanley Donen
0000742,June Allyson
0864869,George Tobias
0533692,Barton MacLane
0068257,James Bell
0516883,Kathleen Lockhart
0912911,Katherine Warren
0486387,Frances Langford
0001918,Louis Armstrong
0689359,Ben Pollack
0472758,Gene Krupa
1213549,The Modernaires
7349269,The Archie Savage Dancers
0081708,Barney Bigard
0542649,Anthony Mann
0510134,Paul Lukas
0000048,Peter Lorre
0949355,Carleton Young
0449858,J.M. Kerrigan
0178411,Ted Cooper
0087536,Oscar Blank
0115766,George Bruggeman
0196876,John Daheim
9110894,Esmeralda
0281507,Richard Fleischer
0743218,Anthony Ross
0721728,Gene Reynolds
0284812,Jacqueline Fontaine
0753103,Eddie Ryder
0448836,Robert Kent
0721798,John W. Reynolds
0017444,Bob Alden
0117058,Buddy Bryan
0001995,George Chakiris
0164202,Les Clark
0198980,Roy Damron
2665210,Drusilla Davis
0206141,Hal K. Dawson
0234938,Allan Douglas
0242940,Don Dunning
0780833,George Seaton
0180263,Katharine Cornell
0445656,Helen Keller
0860607,Polly Thompson
0252032,Dwight D. Eisenhower
0334208,Martha Graham
0374011,Jascha Heifetz
0375818,Robert Helpmann
0825473,Gertrude Stein
0837955,Anne Sullivan
0358071,Nancy Hamilton
0001257,Ava Gardner
0330961,Marius Goring
0181305,Valentina Cortese
0106387,Rossano Brazzi
0783288,Elizabeth Sellars
0828838,Warren Stevens
0409421,Franco Interlenghi
0017628,Mari Aldon
0176328,Alberto Rabagliati
0821543,Enzo Staiola
0953088,Maria Zanoli
0156989,Renato Chiantoni
0292077,Bill Fraser
0663550,John Parrish
0313899,Jim Gérald
0213831,Diana Decker
0639385,Hugh O&#x27;Brian
0391096,Earl Holliman
0550855,E.G. Marshall
0123699,Robert Burton
0012113,Robert Adler
0018685,Richard Alexander
0101394,Rudy Bowman
0106737,John Breen
0229424,Edward Dmytryk
0001682,Mickey Rooney
0569902,Charles McGraw
0043396,Keiko Awaji
0788353,Richard Shannon
0099071,Willis Bouchey
0017685,Keith Aldrich
0001904,Corey Allen
0038620,Bill Ash
0038799,Nadine Ashdown
0066260,Marshall U. Beebe
0102318,Ray Boyle
0130344,Cheryl Callaway
0733476,Mark Robson
0872456,Claire Trevor
0206478,Laraine Day
0821041,Robert Stack
0012443,Jan Sterling
0365201,Phil Harris
0628579,Robert Newton
0108406,David Brian
0446769,Paul Kelly
0085782,Sidney Blackmer
0084098,Julie Bishop
0327602,Pedro Gonzalez Gonzalez
0397397,John Howard
0114878,Wally Brown
0132930,William Campbell
0233352,Ann Doran
0702798,John Qualen
0280707,Paul Fix
0920074,William A. Wellman
0570192,Dorothy McGuire
0431139,Louis Jourdan
0573704,Maggie McNamara
0626350,Cathleen Nesbitt
0093245,Dino Bolognese
0108937,Maurice Brierre
0144934,Iphigenie Castiglioni
0174188,James Conaty
0210108,Anthony De Mario
0479080,Charles La Torre
0000015,James Dean
0557339,Raymond Massey
0364915,Julie Harris
0412322,Burl Ives
0202501,Richard Davalos
0886888,Jo Van Fleet
0215260,Albert Dekker
0809135,Lois Smith
0007808,Abdullah Abbas
0021009,Rose Allen
0034701,José Arias
0062642,Barbara Baxley
0073217,John Beradino
0086198,Betsy Blair
0591034,Esther Minciotti
0162557,Augusta Ciolli
0544064,Joe Mantell
0824606,Karen Steele
0661577,Jerry Paris
0068289,Joe Bell
0110318,Nick Brkich
2368487,Brad Brown
0116985,Marvin Bryan
0154665,Paddy Chayefsky
0170106,Bud Cokes
2755102,Steven Hecht
0542720,Delbert Mann
0000020,Henry Fonda
0000010,James Cagney
0001635,William Powell
0000493,Jack Lemmon
0658133,Betsy Palmer
0011244,Nick Adams
0520164,Perry Lopez
0193411,Ken Curtis
0730123,Robert Roark
0001013,Harry Carey Jr.
0915618,Patrick Wayne
0018173,Frank Aletter
0028872,Tige Andrews
0032058,Fritz Ford
0597225,Jim Moloney
0440203,Buck Kartalian
0503777,Mervyn LeRoy
0517597,Joshua Logan
0000026,Cary Grant
0484829,Jessie Royce Landis
0889024,Charles Vanel
0041270,Brigitte Auber
0553361,Jean Martinelli
0031708,Georgette Anys
0012438,George Adrian
0086994,René Blancard
0101640,George Boyce
0108291,Margaret Brewster
0000033,Alfred Hitchcock
0002017,Richard Conte
0200645,Ray Danton
0339615,Virginia Gregg
0057983,Don &#x27;Red&#x27; Barry
0440465,David Kasday
0132272,Carole Ann Campbell
0043086,Tol Avery
0026629,Don Anderson
0063446,Brandon Beach
0063852,Mary Bear
0593192,Cameron Mitchell
0876451,Tom Tully
0301348,Richard Gaines
0928550,Audrey Young
0362331,John Harding
0016755,Mal Alberts
0004704,Herb Alpert
0896533,Charles Vidor
0534286,Gordon MacRae
0625383,Gene Nelson
0339307,Charlotte Greenwood
0429250,Shirley Jones
0926235,James Whitmore
0492631,Barbara Lawrence
0282435,Jay C. Flippen
0054117,Roy Barcroft
0593411,James Mitchell
0512972,Bambi Linn
0941466,Jennie Workman
0098000,Virginia Bosler
0113992,Kelly Brown
0852355,Evelyn Taylor
0874141,Lizanne Truex
0001571,Kim Novak
0275897,Betty Field
0001782,Susan Strasberg
0731772,Cliff Robertson
0640023,Arthur O&#x27;Connell
0271658,Verna Felton
0789931,Reta Shaw
0933361,Elizabeth Wilson
0751426,Rosalind Russell
0011431,Warren Frederick Adams
0048311,Carle E. Baker
0069857,George E. Bemis
0072969,Steve Benton
0079914,Harold A. Beyer
0168199,Paul R. Cochran
0536167,Anna Magnani
0667542,Marisa Pavan
0177879,Ben Cooper
0340706,Virginia Grey
0013405,Mimi Aguglia
0839234,Florence Sundstrom
0040548,Albert Adkins
0045386,Don Bachardy
0151228,Larry Chance
0348084,Roger Gunderson
0366346,Jean Hart
0401673,George Humbert
0447117,Dorrit Kelton
0497857,May Lee
0001229,Glenn Ford
0662223,Eleanor Parker
0000549,Roger Moore
0254833,Evelyn Ellis
0050019,Walter Baldwin
0168459,Ann Codee
0755200,Leopold Sachse
0067391,Stephen Bekassy
0022863,Phyllis Altivo
0055591,Francis Barnes
0060974,Louise Bates
0086061,George Blagoi
0087542,Heinz Blankenburg
0092185,Lulu Mae Bohrman
0076779,Curtis Bernhardt
0428354,Jennifer Jones
0255695,Isobel Elsom
0558569,Murray Matheson
0519618,Richard Loo
0948540,Soo Yong
0014217,Philip Ahn
0193591,Jorja Curtright
0551550,Donna Martell
0151739,W.T. Chang
0159424,Aen-Ling Chow
0161251,Kei Thin Chung
0172909,Edward Colmans
0184524,Ashley Cowan
0285146,Lee Tong Foo
0454771,Henry King
0485871,Otto Lang
0000989,Yul Brynner
0000064,Edward G. Robinson
0001119,Yvonne De Carlo
0656428,Debra Paget
0001135,John Derek
0779549,Martha Scott
0000752,Judith Anderson
0001637,Vincent Price
0001017,John Carradine
0214392,Olive Deering
0241523,Douglass Dumbrille
0215308,Frank DeKova
0001369,Rock Hudson
0004647,Carroll Baker
0936730,Jane Withers
0932629,Chill Wills
0564790,Mercedes McCambridge
0000454,Dennis Hopper
0000543,Sal Mineo
0001792,Rod Taylor
0263393,Judith Evelyn
0629711,Robert Nichols
0780038,Alexander Scourby
0071755,Fran Bennett
0915114,Charles Watts
0194597,Elsa Cárdenas
0000056,Paul Newman
0000765,Pier Angeli
0806041,Everett Sloane
0373012,Eileen Heckart
0831905,Harold J. Stone
0120233,Joseph Buloff
0424516,Arch Johnson
0509294,Robert P. Lieb
0628602,Theodore Newton
0010817,Caswell Adams
0011366,Stanley Adams
0017021,John Albright
0036299,Harry Arnie
0936404,Robert Wise
0792464,Hiram Sherman
0666332,Neva Patterson
0172615,Ray Collins
0122675,George Burns
0018767,Suzanne Alexander
0031548,Harry Antrim
0064780,Walter Beaver
0166586,Oliver Cliff
3560013,Owen Coll
0212586,Richard Deacon
0703689,Richard Quine
0207219,Brenda de Banzie
0587061,Bernard Miles
0874298,Ralph Truman
0004625,Daniel Gélin
0927692,Mogens Wieth
0610253,Alan Mowbray
0111702,Hillary Brooke
0647606,Christopher Olsen
0620513,Reggie Nalder
0915077,Richard Wattis
0932529,Noel Willman
0848315,Alix Talton
0104064,Yves Brainville
0427700,Carolyn Jones
1499772,London Symphony Orchestra
0002136,Bernard Herrmann
0001549,Rita Moreno
0072578,Martin Benson
0766975,Terry Saunders
0860627,Rex Thompson
0729032,Carlos Rivas
0011975,Patrick Adiarte
0867555,Geoffrey Toone
0007880,Leo Abbey
0051551,Robert Banas
0094614,Dennis Bonilla
0094651,Thomas Bonilla
4890841,Jerry Chien
3247263,Nancy Chien
0166660,Mary Lou Clifford
0199023,Judy Dan
0000002,Lauren Bacall
0540416,Dorothy Malone
0930695,Grant Williams
0686857,Edward Platt
0488024,John Larch
0334724,Joseph Granby
0322658,Roy Glenn
0635564,Maidie Norman
0769974,William Schallert
0430019,Joanne Jordan
0187051,Dani Crayne
0692099,Dorothy Porter
0802862,Douglas Sirk
0232019,James Donald
0114386,Pamela Brown
0532277,Niall MacGinnis
0700740,Noel Purcell
0199787,Henry Daniell
0448195,Madge Kennedy
0420383,Lionel Jeffries
0619802,Laurence Naismith
0688384,Eric Pohlmann
0827464,Jeanette Sterke
0314787,Toni Gerry
0395004,David Horne
0000006,Ingrid Bergman
0371040,Helen Hayes
0848667,Akim Tamiroff
0402558,Martita Hunt
0043875,Felix Aylmer
0685782,Sacha Pitoëff
0221527,Ivan Desny
0769791,Natalie Schafer
0343039,Grégoire Gromoff
0826749,Karel Stepanek
0209283,Ina De La Haye
3119865,John Adams
8692703,Paul Beradi
0082178,Paul Bildt
0088377,Newton Blick
1794593,Ernest Blyth
0514822,Anatole Litvak
2191324,Frédéric Dumas
0265923,Albert Falco
0184150,Jacques-Yves Cousteau
2772041,François Saout
2768793,André Bourne-Chastel
2768709,Marcel Colomb
1370412,Simone Cousteau
2768311,Jean Delmas
0259896,Jacques Ertaud
2768645,Norbert Goldblech
2770577,Fernand Hanae
0479303,André Laban
2770520,Maurice Leandri
0552871,Paul Martin
2163914,Denis Martin-Laval
2768200,Henri Ple
2758739,Etienne Puig
2769502,Albert Raud
0001501,Louis Malle
0000057,David Niven
0134594,Cantinflas
0192958,Finlay Currie
0820105,Ronald Squire
0842981,Basil Sydney
0002021,Noël Coward
0002145,Trevor Howard
0138987,Martine Carol
0272794,Fernandel
0000964,Charles Boyer
0450810,Evelyn Keyes
0337472,José Greco
0231555,Luis Miguel Dominguín
0003110,Cesar Romero
0027183,Michael Anderson
0268513,John Farrow
0712935,Michel Ray
0398409,Rodolfo Hoyos Jr.
0622843,Carlos Navarro
0487103,Joi Lansing
0729266,Fermín Rivera
0856673,Jorge Treviño
0273422,Carlos Fernández
0017171,Eduardo Alcaraz
0017202,Rafael Alcayde
0891865,Manuel de la Vega
0274940,Miguel Ángel Ferriz
0305814,Pascual García Peña
0708570,Beatriz Ramos
0844750,Manuel Sánchez Navarro
0544329,Manuel Vergara &#x27;Manver&#x27;
0710924,Irving Rapper
0370144,Jack Hawkins
0370564,Sessue Hayakawa
0395012,Geoffrey Horne
0931463,Peter Williams
0101533,John Boxer
0378612,Percy Herbert
0329468,Harold Goodwin
0780741,Ann Sears
0645537,Heihachirô Ôkawa
0441545,Keiichirô Katsumoto
0149807,M.R.B. Chakrabandhu
0781465,Vilaiwan Seeboonreaung
0839479,Ngamta Suphaphongs
0700628,Javanart Punynchoti
0673749,François Périer
0555807,Franca Marzi
0336582,Dorian Gray
0320942,Ennio Girolami
0851024,Christian Tassou
0623443,Amedeo Nazzari
0046673,Gianni Baghino
0049836,Franco Balducci
0053582,Ciccio Barbi
0093749,Luciano Bonanni
0093861,Jusy Boncinelli
0135174,Loretta Capitoli
0146294,Leo Catozzo
0217762,Dominique Delouche
0262462,Edda Evangelista
0000053,Robert Mitchum
0432007,Curd Jürgens
0373314,David Hedison
0172660,Russell Collins
0471031,Kurt Kreuger
0007214,Frank Albertson
0254187,Biff Elliot
0047835,David Bair
5794674,Alfred K. Baroa
0060924,Jimmy Bates
0079978,Thomas Beyl
0095474,Robert Boon
0180505,Roger L. Cornwall
0191873,Dale Cummings
0940946,Joanne Woodward
0422015,Edwin Jerome
0614816,Alena Murray
0474685,Nancy Kulp
0743881,Terry Ann Ross
0779429,Ken Scott
0317127,Mimi Gibson
0177362,Alistair Cooke
0250436,Vince Edwards
0275997,Mary Field
0368721,Helene Hatch
0394534,Jimmie Horan
1794055,Catherine Howard
0425311,Jason Johnson
0425913,Nunnally Johnson
0001544,Ricardo Montalban
0654433,Patricia Owens
0001258,James Garner
0846987,Miiko Taka
0880855,Miyoshi Umeki
0000999,Red Buttons
0808949,Kent Smith
0914601,Douglass Watson
0473350,Reiko Kuba
1801200,Shochiku Kagekidan Girls Revue
0114422,Peter Brown
0161237,Jane Chung
1348665,Carlo Fiori
0310989,Mitzi Gaynor
0002022,Jeanne Crain
0307500,Beverly Garland
0001067,Jackie Coogan
0445868,Barry Kelley
0336316,Leonard Graves
0021134,Valerie Allen
0377846,Hank Henry
0876008,Sophie Tucker
0030783,Jerry Antes
0039721,Robert Asquith
0053354,Bobby Barber
0336576,Dolores Gray
0505249,Sam Levene
0375738,Tom Helmore
0168035,Chuck Connors
0600886,Alvy Moore
0891550,Carol Veazie
0170574,Jack Cole
0028677,Helen Andrews
0068493,Rodney Bell
0075325,Arthur Berkeley
1981717,Otis Bigelow
0447608,Kay Kendall
0253359,Taina Elg
0074405,Jacques Bergerac
0001495,Patrick Macnee
0893735,Stephen Vercoe
0867282,Philip Tonge
0036440,Frank Arnold
0090821,Herman Boden
0153691,Barrie Chase
0154412,Lilyan Chauvin
0580565,Burgess Meredith
0777812,Albert Schweitzer
6839623,Helene Schweitzer
6839624,Zizi
6839625,Tristan
6839626,Percival
6839627,Lohengrin
0248628,Phillip Eckert
0941944,Adele Woytt
0384377,Jerome Hill
0001948,Charles Bickford
0066166,Alfonso Bedoya
0371719,Chuck Hayward
0103584,Buff Brady
0121551,Jim Burk
0010928,Dorothy Adams
0730574,Chuck Roberson
0604501,Bob Morgan
0571173,John McKee
0847970,Slim Talbot
0004244,Jacques Tati
0957645,Jean-Pierre Zola
0785792,Adrienne Servantie
0296996,Lucien Frégis
0773723,Betty Schneider
0551792,Jean-François Martial
0547241,Dominique Marie
0036084,Yvonne Arnaud
0199813,Adelaide Danieli
0126720,Alain Bécourt
0285033,Régis Fontenay
0046202,Claude Badolle
0551511,Max Martel
0060661,Nicolas Bataille
2046225,Daki
0220426,Dominique Derly
0227804,André Dino
0290456,Suzanne Franck
0000348,Tony Curtis
0001627,Sidney Poitier
0930209,Cara Williams
0233014,King Donovan
0229697,Lawrence Dobkin
0000946,Whit Bissell
0842813,Carl &#x27;Alfalfa&#x27; Switzer
0183358,Kevin Coughlin
0166923,Jack Clinton
0227243,Jimmy Dime
0298197,Clem Fuller
0325472,Mickey Golden
0006452,Stanley Kramer
0643000,Simon Oakland
0898782,Virginia Vincent
0490639,Wesley Lau
0177642,Philip Coolidge
0472632,Lou Krugman
0679920,James Philbrook
0732397,Bartlett Robinson
0164764,Gage Clarke
0211460,Joe De Santis
0549134,John Marley
0045651,Alice Backes
0283456,Gertrude Flynn
0861776,Russell Thorson
0339428,Dabbs Greer
0720106,Stafford Repp
0002131,Laurence Harvey
0797531,Simone Signoret
0780765,Heather Sears
0938372,Donald Wolfit
0396819,Donald Houston
0045968,Hermione Baddeley
0193862,Allan Cuthbertson
0403171,Raymond Huntley
0922462,John Westbrook
0680916,Ambrosine Phillpotts
0664390,Richard Pasco
0890038,Beatrice Varley
0452237,Delena Kidd
0376915,Ian Hendry
0647557,April Olrich
0668734,Mary Peach
0627963,Anthony Newlands
0253364,Avril Elgar
0002338,Jack Clayton
0000028,Rita Hayworth
0384908,Wendy Hiller
0178066,Gladys Cooper
0356294,May Hallatt
0604956,Priscilla Morgan
0687504,Hilda Plowright
0668626,Felipe Pazos
0015874,Richard Alameda
0017539,Robert Alderette
0023147,Don Alvarado
0224614,Don Diamond
0376022,Mary Hemingway
0401064,Mauritz Hugo
0603749,Mike Morelli
0621306,George Nardelli
0692536,Jose Portugal
0712872,Joey Ray
0729458,Carlos Rivero
0740885,Tony Rosa
0836328,John Sturges
0449734,John Kerr
0001827,Ray Walston
0355765,Juanita Hall
0638395,France Nuyen
0114612,Russ Brown
0611955,Jack Mullaney
0164153,Ken Clark
0799754,Floyd Simmons
0496939,Candace Lee
0398783,Warren Hsieh
0490871,Tom Laughlin
0870366,Giorgio Tozzi
0767246,Archie Savage
0434711,Francis Kahele
0414603,Robert Jacobs
0300235,John Gabriel
0002001,Maurice Chevalier
0320006,Hermione Gingold
0001247,Eva Gabor
0419978,Isabel Jeans
0007995,John Abbott
0036071,Marie-Hélène Arnaud
0038160,Jack Ary
9911778,Daniel Aubé
0063807,Richard Bean
0064100,Cecil Beaton
0078378,Jacques Bertrand
0487779,Hubert de Lapparent
0270693,Cilly Feindt
0861185,June Thorburn
0000634,Peter Sellers
0949241,Alan Young
0856103,Terry-Thomas
0560056,Jessie Matthews
0908678,Ian Wallace
0125350,Peter Butterworth
0292677,Stan Freberg
0268428,Dal McKennon
0097848,Wallace Bosco
0101208,Norman Bowler
0003499,Victor Brooks
0112646,Ayshea Brough
0129023,Jimmy Cains
3796691,Jimmy Charters
0657162,George Pal
0845729,Volmer Sørensen
0706368,George Raft
0002285,Pat O&#x27;Brien
0113873,Joe E. Brown
0675490,Nehemiah Persoff
0790064,Joan Shawlee
0336475,Billy Gray
0831889,George E. Stone
0057969,Dave Barry
0563417,Mike Mazurki
0933489,Harry Wilson
0932617,Beverly Wills
0237634,Barbara Drew
0732340,Edward G. Robinson Jr.
0046725,Sam Bagley
0000963,Stephen Boyd
0361823,Haya Harareet
0341518,Hugh Griffith
0640732,Cathy O&#x27;Donnell
0415488,Sam Jaffe
0861930,Frank Thring
0519281,Terence Longdon
0718835,George Relph
0023389,Umberto Alivernini
0031351,Artemio Antonini
1753318,Nello Appodia
0028186,Fortunato Arena
0344850,Bernhard Grzimek
0353397,Holger Hagen
1797689,Hermann Rockmann
0709704,Tony Randall
0574961,Julia Meade
0420765,Allen Jenkins
0665886,Lee Patrick
0565416,Mary McCarty
0066494,Jacqueline Beer
0835649,Arlen Stuart
0085945,Perry Blackwell
0931547,Robert B. Williams
0484653,Muriel Landers
0674012,Millie Perkins
0771584,Joseph Schildkraut
0000937,Richard Beymer
0399345,Gusti Huber
0414279,Lou Jacobi
0000832,Diane Baker
0372633,Dodie Heath
0943956,Ed Wynn
4888254,John Corrydon
0259043,Del Erickson
0324444,Gretchen Goertz
0443262,William Kirschner
1248838,Orangey
0700803,Edmund Purdom
0578039,Breno Mello
0206026,Marpessa Dawn
0210695,Lourdes de Oliveira
0305331,Léa Garcia
0196195,Adhemar Ferreira da Silva
0211830,Waldemar De Souza
0176131,Alexandro Constantino
0234332,Jorge Dos Santos
0143972,Aurino Cassiano
0019568,Maria Alice
1201785,Ana Amélia
0136629,Elizeth Cardoso
1286966,Arlete Costa
1286274,Maria de Lourdes
0211807,Modesto De Souza
0234296,Agostinho dos Santos
0346358,Fausto Guerzoni
0531225,Tião Macalé
0133424,Marcel Camus
0199268,Dorothy Dandridge
0002035,Sammy Davis Jr.
0047440,Pearl Bailey
0676349,Brock Peters
0779483,Leslie Scott
0140792,Diahann Carroll
0040984,Ruth Attaway
0615617,Clarence Muse
0933391,Everdinne Wilson
0283314,Joel Fluellen
0413477,Earl Jackson
0482849,Moses LaMarr
0354381,Margaret Hairston
0228853,Ivan Dixon
0244292,Antoine Durousseau
0858103,Helen Thigpen
0541149,Rouben Mamoulian
0768145,Connie Sawyer
0464506,James Komack
0852305,Dub Taylor
0223206,George DeWitt
0748014,Benny Rubin
0199276,Ruby Dandridge
0700425,B.S. Pully
0633327,Joyce Nizzari
0133131,Pupi Campo
0388155,Eddie Hodges
9774606,Selma Minden Grenald
0000511,Shirley MacLaine
0534045,Fred MacMurray
0507081,David Lewis
0390516,Hope Holiday
0828653,Naomi Stevens
0786252,Johnny Seven
0417055,Joyce Jameson
0914018,Willard Waterman
0924668,David White
0010944,Edie Adams
0123409,Benny Burt
0000052,Marcello Mastroianni
0001179,Anita Ekberg
0000733,Anouk Aimée
0299014,Yvonne Furneaux
0637649,Magali Noël
0192490,Alain Cuny
0632423,Annibale Ninchi
0763492,Walter Santesso
0161850,Valeria Ciangottini
0308523,Riccardo Garrone
0302837,Ida Galli
0567654,Audrey McDonald
0689113,Polidor
0226657,Alain Dijon
0233946,Mino Doro
0320935,Giulio Girola
0079341,Laura Betti
0630113,Nico
0001884,Max von Sydow
0883517,Birgitta Valberg
0511458,Gunnel Lindblom
0678555,Birgitta Pettersson
0246920,Axel Düberg
0410781,Tor Isedal
0249735,Allan Edwall
0691652,Ove Porath
0805277,Axel Slangus
0112548,Gudrun Brost
0515554,Oscar Ljung
0097195,Tor Borong
0286929,Leif Forstenberg
0000005,Ingmar Bergman
0000059,Laurence Olivier
0001452,Charles Laughton
0001811,Peter Ustinov
0001260,John Gavin
0409869,John Ireland
0007042,Herbert Lom
0197982,John Dall
0055645,Joanna Barnes
0834754,Woody Strode
0110480,Peter Brocco
0483279,Paul Lambert
0000040,Stanley Kubrick
0447913,Arthur Kennedy
0656303,Patti Page
0028647,Edward Andrews
0570615,John McIntire
0549557,Joe Maross
0392092,Wendell Holmes
0525940,Dayton Lummis
0089222,Phil Bloom
0112218,Richard Brooks
0000047,Sophia Loren
0000901,Jean-Paul Belmondo
0885203,Raf Vallone
0113505,Eleonora Brown
0632426,Carlo Ninchi
0154804,Andrea Checchi
0535991,Pupella Maggio
0056228,Emma Baron
0147466,Bruna Cealti
0217377,Antonella Della Porta
0294306,Mario Frera
0181245,Luciana Cortellesi
0523142,Curt Lowens
0130030,Tony Calio
1428546,Remo Galavotti
0541460,Elsa Mancini
1429405,Giuseppina Ruggeri
0001120,Vittorio De Sica
0590796,Yvette Mimieux
0001982,Sebastian Cabot
0515967,Doris Lloyd
0056682,Bob Barran
12499926,Mike Hitlner
1106130,Josephine Powell
0804008,James Skelly
0001539,Hayley Mills
0250724,Richard Egan
0579663,Adolphe Menjou
0187981,Donald Crisp
0001547,Agnes Moorehead
0002019,Kevin Corcoran
0238628,James Drury
0199070,Leora Dana
0786800,Anne Seymour
0133936,Mary Grace Canfield
0250684,Jenny Egan
0842582,David Swift
0580479,Melina Mercouri
0202088,Jules Dassin
0288344,Giorgos Foundas
0888937,Titos Vandis
0510085,Mitsos Ligizos
0221615,Despo Diamantidou
0823085,Dimos Starenios
0660282,Dimitris Papamichael
0813447,Alexis Solomos
0441502,Aleka Katselli
0313793,Faidon Georgitsis
1087106,Giorgos Foras
0272747,Nikos Fermas
0272754,Giannis Fermis
0956412,Hristoforos Zikas
0893099,Thanasis Vengos
0012821,Koula Agagiotou
1073304,Artemis Matsas
0001777,Dean Stockwell
0881829,Mary Ure
0524308,William Lucas
0680317,Conrad Phillips
0000587,Donald Pleasence
0190194,Rosalie Crutchley
0057277,Sean Barrett
0066770,Elizabeth Begley
0606512,Edna Morris
0450591,Ruth Kettlewell
0791916,Anne Sheppard
0871319,Susan Travers
0039114,Rosalie Ashley
0330156,Dorothy Gordon
0002153,Jack Cardiff
0000811,Frankie Avalon
0188050,Linda Cristal
0639613,Joan O&#x27;Brien
0130407,Joseph Calleia
0037364,Carlos Arruza
0354377,Jester Hairston
0096458,Veda Ann Borg
0701500,Denver Pyle
0915511,Aissa Wayne
0941401,Hank Worden
0378026,William Henry
0492444,Peter Lawford
0649055,David Opatoshu
0370371,Jill Haworth
0829155,Alexandra Stewart
0905707,Michael Wager
0828676,Paul Stevens
0907551,Betty Walker
0279472,Eddie Fisher
0581277,Dina Merrill
0528705,Jeffrey Lynn
0575552,Kay Medford
0647010,Susan Oliver
0903667,George Voskovec
2090267,Alex Mann
0013882,Tom Ahearne
0035759,John Armstrong
0092921,Joseph Boley
0122643,Don Burns
0175472,Whitfield Connor
0001362,Bob Hope
0000840,Lucille Ball
0404046,Ruth Hussey
0214529,Don DeFore
0638574,Louis Nye
0790993,Marianne Stewart
0410280,Hollis Irving
0487140,William Lanteau
0800359,Robert F. Simon
0064792,Louise Beavers
0048417,Eddie Baker
0095651,Billy Booth
0291035,Melvin Frank
0271929,George Fenneman
9038517,Nautical the Horse
0703069,Queen Elizabeth the Queen Mother
2875979,Dorian Williams
4827206,Princess Mary
0001620,Slim Pickens
0697742,Princess Margaret
0487047,Larry Lansburgh
0001958,Dirk Bogarde
0001010,Capucine
0656180,Geneviève Page
0605685,Patricia Morison
0749195,Albert Rueprecht
0111645,Lyndon Brook
0727210,Walter Rilla
0007207,Hans Unterkircher
0259514,Erland Erlandsen
0204095,Alexander Davion
0820096,Katherine Squire
0913094,Robert Warwick
0245308,Felix Dvorak
0000017,Marlene Dietrich
0001703,Maximilian Schell
0000023,Judy Garland
0000638,William Shatner
0459252,Werner Klemperer
0533247,Kenneth MacKenna
0583395,Torben Meyer
0076282,Joseph Bernard
0062667,Alan Baxter
0083081,Edward Binns
0907170,Otto Waldis
0842425,Karl Swenson
0104964,Martin Brandt
0001276,Jackie Gleason
0001453,Piper Laurie
0001715,George C. Scott
0566584,Myron McCormick
0358069,Murray Hamilton
0176073,Michael Constantine
0317369,Stefan Gierasch
0671234,Clifford A. Pellow
0483766,Jake LaMotta
0163975,Gordon B. Clarke
0741226,Alexander Rose
0167623,Carolyn Coates
0948672,Carl York
0306696,Vincent Gardenia
0011437,William Adams
0028135,Charles Andre
0744035,Robert Rossen
0027683,Harriet Andersson
0085038,Gunnar Björnstrand
0664885,Lars Passgård
0733598,Daniela Rocca
0762248,Stefania Sandrelli
0872689,Leopoldo Trieste
0816527,Odoardo Spadaro
0320864,Margherita Girelli
0136437,Angela Cardile
0125627,Lando Buzzanca
0867894,Pietro Tordi
0868497,Ugo Torrente
0010265,Antonio Acqua
0144389,Bianca Castagnetta
1570838,Giovanni Fassiolo
1570152,Ignazio Roberto Daidone
1574229,Francesco Nicastro
0633991,Edy Nogara
0683888,Renato Pinciroli
0407162,Daniela Igliozzi
0314584,Pietro Germi
0000081,Natalie Wood
0000886,Warren Beatty
0385757,Pat Hingle
0160287,Audrey Christie
0517056,Barbara Loden
0483876,Zohra Lampert
0829387,Fred Stewart
0740421,Joanna Roos
0569569,John McGovern
0635826,Jan Norris
0058856,Martine Bartlett
0516972,Gary Lockwood
0006800,Sandy Dennis
0275911,Crystal Field
0011188,Marla Adams
0521011,Lynn Loring
0226887,Phyllis Diller
0308466,Sean Garrison
0000577,George Peppard
0623658,Patricia Neal
0001171,Buddy Ebsen
0897808,José Luis de Vilallonga
0569410,John McGiver
0926286,Dorothy Whitney
0021519,Elvia Allman
0694500,Beverly Powers
0042741,Al Avalon
0052601,Janet Banzet
0001175,Blake Edwards
0104245,William Bramley
0810233,Tucker Smith
0603286,Tony Mordente
0200597,David Winters
0270914,Eliot Feld
0584290,Bert Michaels
0063774,David Bean
0853531,Anthony &#x27;Scooter&#x27; Teague
0262823,Harvey Evans
0008065,Tommy Abbott
0730385,Jerome Robbins
0703033,Anthony Quayle
0048939,Stanley Baker
0201626,James Darren
0660327,Irene Papas
0768748,Gia Scala
0433150,James Robertson Justice
0001321,Richard Harris
0285302,Bryan Forbes
0586393,George Mikell
0509776,Albert Lieven
0496746,J. Lee Thompson
0217523,Gerard Delloye
5658547,Tony Saulnier
2638240,Herve de Maigret
0223331,William Dexter
2636508,Jan Sneep
0301422,Pierre-Dominique Gaisseau
0576345,John Megna
0653942,Frank Overton
0614677,Rosemary Murphy
0925418,Ruth White
0262745,Estelle Evans
0668110,Collin Wilcox Paxton
0026841,James Anderson
0315933,Alice Ghostley
0000380,Robert Duvall
0934750,William Windom
0219825,Crahan Denton
0000825,Mary Badham
0019221,Phillip Alford
0035867,R.L. Armstrong
0612322,Robert Mulligan
0000564,Peter O&#x27;Toole
0001725,Omar Sharif
0001647,Claude Rains
0424102,I.S. Johar
0711633,Gamil Ratib
0227249,John Dimech
0596109,Zia Mohyeddin
0548010,Howard Marion-Crawford
0007232,Jack Gwillim
0588486,Hugh Miller
0000843,Anne Bancroft
0001157,Patty Duke
0430460,Victor Jory
0842421,Inga Swenson
0697785,Andrew Prine
0173714,Kathleen Comegys
0044053,Maribel Ayuso
0079155,Dale Ellen Bethea
0088515,John Bliss
0168454,Grant Code
0201087,Michael Darden
0268049,Michele Farr
0352726,William F. Haddock
0390880,Jack Hollander
0397103,Alan Howard
0523337,Judith Lowry
0524894,Helen Ludlam
0723968,Beah Richards
0671957,Arthur Penn
0001076,Joan Crawford
0120658,Victor Buono
0011741,Wesley Addy
0021610,Julie Allred
0059091,Anne Barton
0293099,Bert Freed
0496819,Anna Lee
0932565,Dave Willock
0017703,William Aldrich
0176773,Russ Conway
0178253,Maxine Cooper
0289147,Michael Fox
0318935,Gina Gillespie
0581261,Barbara Merrill
0000736,Robert Aldrich
0001665,Lee Remick
0001430,Jack Klugman
0382003,Alan Hewitt
0658477,Tom Palmer
0576352,Debbie Megowan
0835798,Maxine Stuart
0016776,Jack Albertson
0036377,Carl Arnold
0057268,Roger Barrett
0070511,Russ Bender
0072254,Mary Benoit
0000305,Mel Blanc
0095023,Gail Bonney
0096143,Lynn Borden
0473228,Hardy Krüger
0183671,Nicole Courcel
0333143,Patricia Gozzi
0412245,Daniel Ivernel
0653589,André Oumansky
0168940,Anne-Marie Coffinet
0166432,René Clermont
0723032,Malka Ribowska
0753649,Michel de Ré
0029865,France Anglade
0089358,Florence Blot
0094585,Paul Bonifas
0099984,Serge Bourguignon
0100424,Alain Bouvette
0239813,Renée Duchateau
0248811,Gilbert Edard
0274949,Martine Ferrière
0308041,Maurice Garrel
0752813,Robert Ryan
0001912,Paul Anka
0001916,Arletty
0056761,Jean-Louis Barrault
0088083,Hans Christian Blech
0100186,Bourvil
0127351,Wolfgang Büttner
0142120,Pauline Carton
0000125,Sean Connery
0218464,Irina Demick
0244320,Fred Dur
0002175,Ken Annakin
0652631,Gerd Oswald
0696481,Robert Preston
0004983,Buddy Hackett
0285818,Paul Ford
0447125,Pert Kelton
2794269,The Buffalo Bills
0715738,Vern Reed
0000165,Ron Howard
0790248,Al Shea
0816791,Bill Spangenberg
1448655,Wayne Ward
0263540,Timmy Everett
0524735,Susan Luckey
0382782,Harry Hickox
0485272,Charles Lane
0926897,Mary Wickes
0781504,Sara Seegar
0196536,Morton DaCosta
0656183,Geraldine Page
0004309,Shirley Knight
0003225,Ed Begley
0001800,Rip Torn
0792828,Madeleine Sherwood
0008041,Philip Abbott
0128638,Barry Cahill
0235093,James Douglas
0041136,Barry Atwater
0036792,Charles Arnt
0175639,Dorothy Konrad
0151383,James Chandler
0824778,Mike Steen
0861200,Kelly Thordsen
0001666,Debbie Reynolds
0908919,Eli Wallach
0063353,Brigid Bazlen
0000974,Walter Brennan
0222596,Andy Devine
0368871,Henry Hathaway
0550892,George Marshall
0386944,Adolf Hitler
0832845,Louis Clyde Stoumen
0003337,Karlheinz Böhm
0001174,Barbara Eden
0393028,Oscar Homolka
0822205,Arnold Stang
0306608,Betty Garde
0751050,Bryan Russell
0547384,Tammy Marihugh
0580568,Cheerio Meredith
0000822,Jim Backus
0094135,Beulah Bondi
0505610,Henry Levin
0001012,Claudia Cardinale
0590452,Sandra Milo
0266194,Rossella Falk
0824489,Barbara Steele
0495495,Madeleine Lebeau
0095950,Caterina Boratto
0301841,Eddra Gale
0016646,Guido Alberti
0175557,Mario Conocchia
0013204,Bruno Agostini
0681428,Cesarino Miceli Picardi
0745636,Jean Rougeul
0685609,Mario Pisu
0142700,Yvonne Casadei
0198036,Ian Dallas
0002048,Melvyn Douglas
0039068,John Ashley
0043088,Val Avery
0677959,George Petrie
0176661,Curt Conway
0021532,Sheldon Allman
0378615,Pitt Herbert
0522792,Carl Low
0385796,Robert Hinkle
0447999,Don Kennedy
0385173,Sharyn Hillyer
0896035,Yvette Vickers
7729304,Warren Anderson
0728688,Martin Ritt
0316071,Stathis Giallelis
0938231,Frank Wolff
0438833,Elena Karam
0204687,Harry Davis
0372545,Estelle Hemsley
0747479,Gregory Rozakis
0031398,Lou Antonio
0525052,Salem Ludwig
0290986,Joanna Frank
0542915,Paul Mann
0550604,Linda Marsh
0365259,Robert H. Harris
0050159,Katharine Balfour
13397629,Garrett Cassell
0276169,Tom Holland
0000926,Milton Berle
0128377,Sid Caesar
0790071,Dick Shawn
0799014,Phil Silvers
0005565,Jonathan Winters
0699063,Dorothy Provine
0026655,Eddie &#x27;Rochester&#x27; Anderson
0089478,Ben Blue
0138768,Alan Carney
0151334,Chick Chandler
0542858,Lisa Mann
0187886,Isa Crino
0419051,Francesca Jarvis
0104364,Pamela Branch
0292498,Dan Frazer
0237985,Bobby Driscoll
0625680,Ralph Nelson
0946484,Bruce Yarnell
0076453,Herschel Bernardi
0926298,Grace Lee Whitney
0239532,Paul Dubov
0573830,Howard McNear
0652109,Cliff Osmond
0503605,Diki Lerner
0428221,Herb Jones
0247271,Ruth Earl
0247240,Jane Earl
0766100,Tura Satana
0113769,James Brown
0321294,Aldo Giuffrè
0759465,Agostino Salvietti
0559820,Lino Mattera
0769070,Tecla Scarano
0597840,Silvia Monelli
0188311,Carlo Croccolo
0148284,Pasquale Cennamo
0159300,Tonino Cianci
0006325,Armando Trovajoli
0681365,Tina Pica
0726016,Gianni Ridolfi
0223923,Gennaro Di Gregorio
0001322,Rex Harrison
0170552,George Cole
0002025,Hume Cronyn
0200488,Cesare Danova
0354078,Kenneth Haigh
0445139,Andrew Keir
0001445,Martin Landau
0001522,Roddy McDowall
0827137,Robert Stephens
0000768,Francesca Annis
0039510,Grégoire Aslan
0074596,Herbert Berghof
0129055,John Cairney
0150926,Jacqueline Chan
0424318,Glynis Johns
0749476,Charles Ruggles
0329507,Laurel Goodwin
0115819,Linda Bruhl
0424804,Claude Johnson
0601428,Juanita Moore
0054253,Trevor Bardette
0719164,Ken Renard
0048256,Benny Baker
10762067,Bowie Adams
0022367,Murray Alper
0001215,Albert Finney
0948772,Susannah York
0222627,George Devine
0447499,Rachel Kempson
0045967,Angela Baddeley
0715010,Joyce Redman
0162283,Diane Cilento
0493347,Wilfrid Lawson
0595602,John Moffatt
0001831,David Warner
0413528,Freda Jackson
0680722,Redmond Phillips
0129051,James Cairncross
0262725,Edith Evans
0746772,Patsy Rowlands
0724798,Tony Richardson
0553349,Elsa Martinelli
0751983,Margaret Rutherford
0001749,Maggie Smith
0000080,Orson Welles
0160046,Linda Christian
0696866,Dennis Price
0296484,David Frost
0292226,Ronald Fraser
0178509,Robert Coote
0394588,Michael Hordern
0588918,Martin Miller
0672886,Lance Percival
0071133,Joan Benham
0002190,Anthony Asquith
0000267,Julie Andrews
0001813,Dick Van Dyke
0866835,David Tomlinson
0234538,Karen Dotrice
0304955,Matthew Garber
0006471,Elsa Lanchester
0871546,Arthur Treacher
0654239,Reginald Owen
0002034,Jane Darwell
0539395,Arthur Malet
0054036,Don Barclay
0829038,Robert Stevenson
0148974,Gino Cervi
0832375,Paolo Stoppa
0922935,David Weston
0680795,Siân Phillips
0413599,Inigo Jackson
0722405,Christopher Rhodes
0680515,John Phillips
0678693,Frank Pettingell
0892927,Véronique Vendell
0322706,Peter Glenville
0405035,Wilfrid Hyde-White
0107950,Jeremy Brett
0913332,Mona Washbourne
0390710,John Holland
2103922,Elizabeth Aimers
2093969,Helen Albrecht
2094996,Mary Alexander
2099859,LaWana Backer
0047677,Al Bain
0002085,Gert Fröbe
0000303,Honor Blackman
0247881,Shirley Eaton
0539965,Tania Mallet
0757138,Harold Sakata
0496866,Bernard Lee
0511695,Cec Linder
0932270,Austin Willis
0561755,Lois Maxwell
0619440,Bill Nagy
0577996,Michael Mellinger
0186526,Peter Cranwell
0716605,Nadja Regin
0894710,Richard Vernon
0477297,Burt Kwouk
0005155,Desmond Llewelyn
0357891,Guy Hamilton
0000869,Alan Bates
0444321,Lila Kedrova
0610127,Sotiris Moustakas
0477492,Anna Kyriakou
0030479,Eleni Anousaki
0903901,Yorgo Voyagis
0256468,Takis Emmanuel
0181902,George P. Cosmatos
5857806,Nikos Papadakis
0128050,Michael Cacoyannis
0528987,Sue Lyon
0911847,Skip Ward
0355621,Grayson Hall
0216819,Cyril Delevanti
0102168,Mary Boylan
0244507,Fidelmar Durán
0273477,Emilio Fernández
0362496,Eloise Hardt
0384283,Gladys Hill
0431495,Barbara Joyce
0453377,C.G. Kim
0508138,Roberto Leyva
0560291,Billie Matticks
0698364,Betty Proctor
0747967,Liz Rubey
13566251,Pierre Bidault
13566252,Louis Bidegant
8252139,Christian Bonnici
13566253,Jacques Bourdes
0171601,Raymond Coll
13566254,Pierre Corre
13566255,Armand Davso
13566256,Roger Dufreche
13566243,Pierre Guilbert
13566247,Raymond Kientzy
13566258,Antoine Lopez
13566257,Barnard Marcellin
13566249,Roger Maritano
13566259,Jean Morgan
13566244,André Portelatine
0328690,Jack Good
0516799,Sharyl Locke
0816948,Pip Sparkes
0339110,Verina Greenlaw
0077400,Stephanie Berrington
0077399,Jennifer Berrington
0271583,Laurelle Felsette
0271584,Nicole Felsette
0278001,Alex Finlayson
0286987,Peter Forster
0526947,Richard Lupino
0549466,Frank Marocco
0621026,John Napier
0779794,Simon Scott
0819863,Don Spruance
0259152,John Ericson
0000890,Noah Beery Jr.
0881832,Minerva Urecal
0470619,Frank Kreig
0713762,Peggy Rea
0514507,Eddie Little Sky
0200455,Royal Dano
0116230,Argentina Brunetti
0234732,John Doucette
0288830,Douglas Fowley
0353916,Jess Hahn
0845329,Gilles Ségal
0259623,Ege Ernart
0649901,Senih Orkan
0867626,Ahmet Danyal Topatan
0202087,Joe Dassin
0181881,Faik Coskun
0197611,Amy Dalby
0406803,Selahattin Içsel
1408384,Bedri Çavusoglu
0767567,Lyudmila Saveleva
0863146,Vyacheslav Tikhonov
0094083,Sergey Bondarchuk
0952294,Boris Zakhava
0473308,Anatoli Ktorov
0895034,Anastasiya Vertinskaya
0795919,Antonina Shuranova
0845867,Oleg Tabakov
0822337,Viktor Stanitsyn
0804509,Irina Skobtseva
0807035,Boris Smirnov
0487025,Vasiliy Lanovoy
0326663,Kira Golovko
0345513,Irina Gubanova
0096835,Aleksandr Borisov
0947238,Oleg Efremov
0158920,Giuli Chokhonelidze
0835470,Vladislav Strzhelchik
0436706,Ida Kaminska
0472166,Jozef Kroner
0958903,Frantisek Zvarík
0805908,Hana Slivková
0391411,Martin Hollý
0958904,Elena Zvaríková
0339668,Martin Gregor
0558221,Adam Matejka
0480554,Mikulás Ladizinský
0469424,Alojz Kramar
0784082,Eugen Senaj
0882982,Tibor Vadas
0049497,Anton Balaz
9187170,Ladislav Farkas
2299834,Ladislav Fecko
0343781,Luise Grossová
0381228,Juraj Herz
0473495,Stanislav Kubis
0434443,Ján Kadár
0460033,Elmar Klos
0001626,Christopher Plummer
0370821,Richard Haydn
0939931,Peggy Wood
0139642,Charmian Carr
0579991,Heather Menzies-Urich
0358749,Nicholas Hammond
0153750,Duane Chase
0142145,Angela Cartwright
0877504,Debbie Turner
0439001,Kym Karath
0625675,Portia Nelson
0942220,Ben Wright
0874159,Daniel Truhitte
0889540,Norma Varden
0835698,Gilchrist Stuart
0366946,Elizabeth Hartman
0292116,Elisabeth Fraser
0283521,Kelly Flynn
0832554,Debi Storm
0889245,Renata Vanni
0518534,Saverio LoMedico
0122948,William Burnside
0153854,Vincent Chase
0193528,Tom Curtis
0330271,Jack Gordon
0363723,Maria Haro
0391050,Fred Holliday
0337885,Guy Green
0001046,Julie Christie
0001036,Geraldine Chaplin
0183822,Tom Courtenay
0571430,Siobhan McKenna
0878240,Rita Tushingham
0734276,Jeffrey Rockland
0788779,Tarek Sharif
0443001,Bernard Kay
0001428,Klaus Kinski
0862677,Gérard Tichy
0001673,Jason Robards
0364455,Barbara Harris
0757256,Gene Saks
0200122,William Daniels
0116575,Philip Bruns
0533979,John McMartin
0330015,Barry Gordon
0669046,Barry Pearl
0168641,Fred Coe
0000393,Peter Falk
0888573,Vivian Vance
0832415,Larry Storch
0553014,Ross Martin
0438322,Marvin Kaplan
0808401,Hal Smith
0117252,William Bryant
0907394,Ken Wales
0001511,Lee Marvin
0921459,Oskar Werner
0039051,Elizabeth Ashley
0001719,George Segal
0242692,Michael Dunn
0439959,Charles Korvin
0004464,Heinz Rühmann
0526008,BarBara Luna
0773311,Christiane Schmidtmer
0458033,Alf Kjellin
0920987,John Wengraf
0264578,Olga Fabian
0192801,Roland Curram
0378188,Basil Henson
0512229,Helen Lindsay
0658646,Carlo Palmucci
0164314,Dante Posani
0706770,Umberto Raho
0729356,Marika Rivera
0778808,Alex Scott
0907127,Ernst Walder
0928415,Brian Wilde
0946810,Pauline Yates
0063101,Peter Bayliss
0081204,Richard Bidlake
0100928,T.R. Bowen
0772259,John Schlesinger
0000805,Claudine Auger
0148041,Adolfo Celi
0658885,Luciana Paluzzi
0887607,Rik Van Nutter
0230934,Guy Doleman
0676601,Molly Peters
0000936,Martine Beswick
0191745,Roland Culver
0131565,Earl Cameron
0823728,Paul Stassino
0016196,Rose Alba
0516784,Philip Locke
0695590,George Pravda
0107357,Michael Brennan
0950109,Terence Young
0000404,Jane Fonda
0130286,Michael Callan
0382722,Dwayne Hickman
0170713,Nat &#x27;King&#x27; Cole
0443401,Stubby Kaye
0621365,Tom Nardini
0219666,Reginald Denny
0402277,Arthur Hunnicutt
0127677,Bruce Cabot
0615993,Burt Mustin
0318198,Paul Gilbert
0095727,Jimmie Booth
0799033,Elliot Silverstein
0533831,Archibald Macleish
0786215,Eric Sevareid
2742509,Corinne Alsop Cole
0166921,Hillary Clinton
0740482,Eleanor Roosevelt
0740483,Franklin D. Roosevelt
4291165,Herbert Vere Evatt
0438356,Richard Kaplan
0000314,Charles Bronson
0916434,Robert Webber
0250066,James Edwards
0237025,Tom Drake
0376415,Douglas Henderson
0556876,Morgan Mason
0007877,John Abbey
0094824,Shirley Bonne
0128244,Dusty Cadis
0175505,Joan Connors
0186436,Tom Crane
0281004,Agnes Flanagan
0281029,Frank Flanagan
0001566,Mike Nichols
0039629,Michael Aspel
0334249,Peter Graham
3907417,Dave Baldwin
0821220,Kathy Staff
0914386,Peter Watkins
0006890,Paul Scofield
0001727,Robert Shaw
0571674,Leo McKern
0202638,Nigel Davenport
0000457,John Hurt
0714874,Corin Redgrave
0086780,Colin Blakely
0524740,Cyril Luckham
0372731,Thomas Heathcote
0431626,Yootha Joyce
0629458,Anthony Nicholls
0626726,John Nettleton
0372642,Eira Heath
0882043,Molly Urquhart
0623948,Václav Neckár
0814162,Josef Somr
0111003,Vlastimil Brodský
0884044,Vladimír Valenta
0882898,Alois Vachek
0472654,Ferdinand Kruta
0070620,Jitka Scoffin
0954509,Jitka Zelenohorská
0881782,Nada Urbánková
0369741,Libuse Havelková
0275587,Kveta Fialová
0551392,Pavla Marsálková
0422539,Milada Jezková
0591353,Zuzana Minichova
0279246,Václav Fiser
0397066,Karel Hovorka
0462658,Jirí Kodet
0404179,Frantisek Husák
0579954,Jirí Menzel
0004462,Jean-Louis Trintignant
0056435,Pierre Barouh
0481412,Valérie Lagrange
0802769,Antoine Sire
0024850,Souad Amidou
0155133,Henri Chemin
0058196,Yane Barry
0494527,Paul Le Person
0661628,Simone Paris
0802772,Gérard Sire
0500988,Claude Lelouch
0598971,Yves Montand
0066028,Brian Bedford
0910055,Jessica Walter
0004646,Antonio Sabato
0362634,Françoise Hardy
0202405,Claude Dauphin
0276417,Enzo Fiermonte
0914673,Jack Watson
0639521,Donald O&#x27;Brien
0584722,Jean Michaud
0753716,Albert Rémy
0001239,John Frankenheimer
0000527,Walter Matthau
0723707,Ron Rich
0922165,Judi West
0878354,Lurene Tuttle
0390118,Harry Holcombe
0318142,Lauren Gilbert
0715073,Marge Redmond
0685736,Noam Pitlik
0794700,Ann Shoemaker
0219893,Maryesther Denver
0600911,Archie Moore
0571441,Virginia McKenna
0871272,Bill Travers
0525736,Peter Lukoye
0150132,Omar Chambati
0323856,Bill Godden
0258415,Bryan Epsom
0154933,Robert Cheetham
0950009,Robert S. Young
0078926,Geoffrey Best
0665404,Surya Patel
3153925,Elsa
4187158,Pati
0384342,James Hill
0569710,Tom McGowan
0000079,Raquel Welch
0714835,William Redfield
0215968,Jean Del Val
0168627,Barry Coe
0335649,Shelby Grant
0000981,James Brolin
0280186,Brendan Fitzgerald
0095490,Brendon Boone
0001150,James Doohan
0531810,Kenneth MacDonald
0727849,Christopher Riordan
0186903,Michael Crawford
0318527,Jack Gilford
0028130,Annette Andre
0338839,Leon Greene
0455702,Roy Kinnear
0089944,John Bluthal
0422185,Patricia Jessel
0499672,Beatrix Lehmann
0861530,Frank Thornton
0071838,John Bennett
0269026,Andrew Faulds
0504513,Richard Lester
0001421,George Kennedy
0001510,Strother Martin
0134201,J.D. Cannon
0238105,Robert Drivas
0416378,Clifton James
0940971,Morgan Woodward
0039435,Luke Askew
0147049,Marc Cavell
0232817,Robert Donner
0278258,Warren Finnerty
0572897,John McLiam
0737257,Wayne Rogers
0001765,Harry Dean Stanton
0742341,Stuart Rosenberg
0000163,Dustin Hoffman
0001684,Katharine Ross
0377750,Buck Henry
0043011,Brian Avery
0111754,Walter Brooke
0001205,Norman Fell
0521079,Marion Lorne
0234975,Buddy Douglas
0000377,Richard Dreyfuss
0643105,Warren Oates
0335519,Lee Grant
0309588,Larry Gates
0666247,James Patterson
0926338,Peter Whitney
0613794,Kermit Murdock
0542847,Larry D. Mann
0164273,Matt Clark
0212913,Quentin Dean
0934113,Scott Wilson
0779850,Timothy Scott
0914925,William Watson
0422484,Norman Jewison
0396455,Katharine Houghton
0762567,Isabel Sanford
0370465,Alexandra Hay
0709872,Barbara Randolph
0552121,D&#x27;Urville Martin
0372784,Tom Heaton
0310976,Grace Gaynor
0553075,Skip Martin
0399734,John Hudkins
0179702,Natalie Core
0001159,Faye Dunaway
0689488,Michael J. Pollard
0000432,Gene Hackman
0663820,Estelle Parsons
0262748,Evans Evans
0000698,Gene Wilder
0011602,Martha Adcock
0032469,Harry Appling
0124184,Owen Bush
0147177,Mabel Cavitt
0186498,Patrick Cranshaw
0279489,Frances Fisher
0294200,Sadie French
0328903,Garry Goodgion
0001023,John Cassavetes
0000987,Jim Brown
0530382,Trini López
0576127,Ralph Meeker
0001699,Telly Savalas
0000661,Donald Sutherland
0907636,Clint Walker
0123918,Tom Busby
0141092,Ben Carruthers
0003837,Stuart Cooper
0680732,Robert Phillips
0550318,Kenneth Mars
0936115,Estelle Winwood
0381973,Christopher Hewett
0903867,Andréas Voutsinas
0580607,Lee Meredith
0853041,Renée Taylor
0205163,Michael Davis
0957692,John Zoller
0146070,Madelyn Cates
0132100,Frank Campanella
0748008,Arthur Rubin
0450401,Zale Kessler
0020300,Bernie Allen
0088561,Rusty Blitz
0306637,Anthony Gardell
0000316,Mel Brooks
0289038,James Fox
0001546,Mary Tyler Moore
0151919,Carol Channing
0814530,Jack Soo
0001552,Pat Morita
0186045,Anthony Dexter
0401904,Cavada Humphrey
0269667,Herbie Faye
0820464,Michael St. Clair
0403894,Lisabeth Hush
0214146,Ann Dee
0510389,Beatrice Lillie
1764009,Jackie Allen
0001351,George Roy Hill
8714300,Joseph B. Anderson
0926183,Stuart Whitman
0006954,Pierre Schoendoerffer
0000603,Vanessa Redgrave
0626259,Franco Nero
0376101,David Hemmings
0645870,Pierre Olaf
0550704,Gary Marshal
0736721,Anthony Rogers
0111325,Peter Bromilow
0143547,Sue Casey
0550553,Gary Marsh
0064742,Nicolas Beauvy
0007968,Fredric Abbott
0186886,Lorinne Crawford
0002058,Samantha Eggar
0627969,Anthony Newley
0000277,Richard Attenborough
0228723,William Dix
0390305,Geoffrey Holder
0144374,Edward Cast
1923341,Judy Chapman
8107243,Judy the Chimpanzee
0169077,Phyllis Coghlan
0170750,Robert Cole
0001158,Keir Dullea
0843213,William Sylvester
0725220,Daniel Richter
0744436,Leonard Rossiter
0879239,Margaret Tyzack
0064235,Robert Beatty
0838330,Sean Sullivan
0706937,Douglas Rain
15447157,Frank W. Miller
0922916,Bill Weston
0084042,Ed Bishop
0065140,Glenn Beck
0317506,Alan Gifford
0319268,Ann Gillis
0140809,Edwina Carroll
0103988,Penny Brahms
0236049,Heather Downham
0263052,Maurice Evans
0198446,James Daly
0365709,Linda Harrison
0348248,Robert Gunner
0905998,Lou Wagner
0661416,Woodrow Parfrey
0123613,Jeff Burton
0123680,Norman Burton
0640761,Gene O&#x27;Donnell
3399036,Martin Abrahams
0033746,Army Archerd
0769874,Franklin J. Schaffner
0001201,Mia Farrow
0002106,Ruth Gordon
0000897,Ralph Bellamy
0895407,Victoria Vetri
0446763,Patsy Kelly
0377819,Emmaline Henry
0001301,Charles Grodin
0381000,Hanna Landy
0498609,Phil Leeds
0814064,Hope Summers
0330425,Marianne Gordon
0906147,Wende Wagner
0012254,Toby Adler
0000591,Roman Polanski
0000164,Anthony Hopkins
0145284,John Castle
0856050,Nigel Terry
0001096,Timothy Dalton
0581457,Jane Merrow
0830740,Nigel Stock
0412339,Kenneth Ives
0925713,O.Z. Whitehead
0821274,Fran Stafford
0603325,Ella More
0341558,Kenneth Griffith
0941146,Henry Woolf
0353267,Karol Hagar
0341472,David Griffith
0367431,Anthony Harvey
0926013,Leonard Whiting
0001377,Olivia Hussey
0568491,John McEnery
0642675,Milo O&#x27;Shea
0382411,Pat Heywood
0001868,Michael York
0732430,Bruce Robinson
0362557,Paul Hardwick
0663678,Natasha Parry
0682524,Antonio Pierfederici
0750879,Esmeralda Ruspoli
0083838,Roberto Bisacco
0390332,Roy Holder
0804275,Keith Skinner
0522545,Dyson Lovell
0913264,Richard Warwick
0031293,Roberto Antonelli
0001874,Franco Zeffirelli
0504492,Mark Lester
0600531,Ron Moody
0908861,Shani Wallis
0001657,Oliver Reed
0781183,Harry Secombe
0928349,Jack Wild
0640561,Joseph O&#x27;Conor
0609859,Peggy Mount
0048523,Hylda Baker
0186469,Kenneth Cranham
0420923,Megs Jenkins
0925453,Sheila White
0685694,Wensley Pithey
0371687,James Hayter
0460891,Elizabeth Knight
0256584,Fred Emney
0715346,Carol Reed
0000537,Steve McQueen
0000302,Jacqueline Bisset
0001816,Robert Vaughn
0330150,Don Gordon
0113617,Georg Stanford Brown
0850607,Justin Tarr
0717947,Carl Reindel
0649939,Felice Orlandi
0851861,Vic Tayback
0513868,Robert Lipton
0669653,Ed Peck
0719466,Pat Renella
0312835,Paul Genge
0032501,John Aprea
0154811,Al Checco
0946811,Peter Yates
0000659,Barbra Streisand
0004282,Anne Francis
0020754,Lee Allen
0703362,Mae Questel
0596056,Gerald Mohr
0269709,Frank Faylen
0492948,Mittie Lawrence
0763842,Penny Santon
0363515,John Harmon
0105007,Thordis Brandt
0107234,Bettina Brenna
0285920,Virginia Ann Ford
0426518,Alena Johnston
0497644,Karen Stride
0000640,Martin Sheen
0768321,Don Saxon
3308639,Elaine Williams
0330231,Grant Gordon
0343260,Ulu Grosbard
0121826,Paul Burke
0922967,Jack Weston
0570161,Biff McGuire
0693994,Addison Powell
0373497,Astrid Heeren
0684521,Gordon Pinsent
0001433,Yaphet Kotto
0035954,Sidney Armus
0119993,Richard Bull
0794339,Peg Shirley
0394632,Patrick Horgan
0179136,Carol Corbett
0743159,Tom Rosqui
0793491,Michael Shillo
0549313,Nora Marlowe
0578505,Sam Melville
0417824,Leon Janney
0887694,Dick Van Patten
0573595,Edward McNally
0551949,Barney Martin
0245477,William Dwyer
0604581,Dan Morgan
0143237,Marianna Case
1290166,Leon Collins
0178082,Harry Cooper
0230777,Frank Dolan
0421648,Randee Lynne Jensen
0912647,Donald Warnock
0674742,Jacques Perrin
0219342,Charles Denner
0245240,Pierre Dux
0350196,Georges Géret
0294401,Bernard Fresson
0102566,Marcel Bozzuffi
0347453,Julien Guiomar
0759395,Renato Salvatori
0714620,Habib Reda
0423332,Clotilde Joano
0052703,Maurice Baquet
0013247,Sid Ahmed Agoumi
0252725,Allel El Mouhib
0002020,Costa-Gavras
0000602,Robert Redford
0428216,Henry Jones
0179786,Jeff Corey
0299149,George Furth
0001458,Cloris Leachman
0144252,Ted Cassidy
0722413,Donnelly Rhodes
0318101,Jody Gilbert
0444411,Don Keefer
0225741,Charles Dierkop
0194745,Pancho Córdova
0647483,Nelson Olmsted
0117269,Paul Bryar
0000685,Jon Voight
0587249,Sylvia Miles
0882853,Brenda Vaccaro
0400464,Barnard Hughes
0759022,Jennifer Salt
4734214,Gary Owens
0549248,T. Tom Marlow
0258359,George Eppersen
0778791,Al Scott
0205035,Linda Davis
0557684,J.T. Masters
0715772,Arlene Reeder
0425133,Georgann Johnson
0469567,Jonathan Kramer
0765546,Michael Sarrazin
0949574,Gig Young
0000889,Bonnie Bedelia
0175700,Michael Conrad
0001136,Bruce Dern
0506891,Al Lewis
0276341,Robert Fields
0201089,Severn Darden
0404985,Jacquelyn Hyde
0582586,Art Metrano
0082471,Gail Billings
0932391,Lynn Willis
0001628,Sydney Pollack
0413561,Gordon Jackson
0291512,Pamela Franklin
0424743,Celia Johnson
0337093,Diane Grayson
0139732,Jane Carr
0824363,Shirley Steedman
0485824,Lavinia Lang
0081796,Antoinette Biggerstaff
0192388,Margo Cunningham
0131600,Isla Cameron
0027386,Rona Anderson
0915413,Ann Way
0918620,Molly Weir
0322927,Helena Gloag
0241845,John Dunbar
0786823,Heather Seymour
0623768,Ronald Neame
0200981,Kim Darby
0004794,Glen Campbell
0805177,Jeremy Slate
0753086,Alfred Ryder
0811824,Ron Soble
0275835,John Fiedler
0940579,Donald Woods
0041138,Edith Atwater
0094569,Isabel Boniface
0319749,H.W. Gim
0000991,Geneviève Bujold
0171475,John Colicos
0086506,Katharine Blake
0420312,Peter Jeffrey
0820109,William Squire
0311262,Valerie Gearon
0229943,Vernon Dobtcheff
0093937,Gary Bond
0934372,Terence Wilton
0703615,Denis Quilley
0460874,Esmond Knight
0571435,T.P. McKenna
0425807,Michael Johnson
0418986,Charles Jarrott
0000443,Goldie Hawn
0502360,Rick Lenz
0780005,Vito Scotti
0381154,Irene Hervey
0115474,Eve Bruce
0153407,Irwin Charone
0757266,Matthew Saks
0118504,Robert Buckingham
2565943,Linda Burton
1561431,Hy Chase
0162742,Charles Cirillo
0191784,Mwako Cumbuka
0283883,Charles Fogel
1711102,Don Furneaux
0413559,Glenda Jackson
0511614,Jennie Linden
0111376,Eleanor Bron
0916001,Alan Webb
0792996,Vladek Sheybal
0932537,Catherine Willmer
0629498,Phoebe Nicholls
0348698,Sharon Gurney
0300083,Christopher Gable
0001284,Michael Gough
0790516,Norma Shebbeare
0037316,Nike Arrighi
0491190,James Laurenson
0185163,Michael Graham Cox
0373550,Richard Heffer
0308016,Michael Garratt
0001692,Ken Russell
0564059,Marianne McAndrew
0516906,Danny Lockin
0668855,E.J. Peaker
0024719,Joyce Ames
0876585,Tommy Tune
0460435,Judy Knaiz
0403588,David Hurst
0270915,Fritz Feld
0171956,Richard Collier
0641729,J. Pat O&#x27;Malley
0013929,Will Ahern
0017377,Rutanya Alda
0018617,Melanie Alexander
0748256,Artur Rubinstein
1224076,Eliahu Inbal
1330725,Paul Kletzki
0665964,Gérard Patris
0717025,François Reichenbach
6169903,Carl Rogers
6169902,Richard Farson
15157086,Jerry
9418206,Beth
15157087,Roz
13640030,Keith
15157088,Carlene
11292645,Joe
15157089,Winnie
15157090,Carl
0569006,Bill McGaw
0001077,Richard Crenna
0418148,David Janssen
0002082,James Franciscus
0468222,Nancy Kovack
0366866,Mariette Hartley
0103722,Scott Brady
0551731,Frank Marth
0400019,Craig Huebing
0141715,John Carter
0887464,Vincent Van Lynn
0310960,George Gaynes
0829872,Tom Stewart
0387564,Duke Hobbie
0731805,Dennis Robertson
0001926,Joan Baez
0369784,Richie Havens
0002032,Roger Daltrey
0168312,Joe Cocker
1277963,The Who
0787024,Sha-Na-Na
1278966,Country Joe and the Fish
0349241,Arlo Guthrie
1379663,Crosby Stills &amp; Nash
1352332,Ten Years After
0780949,John Sebastian
2065073,Santana
2038358,Sly and the Family Stone
0001342,Jimi Hendrix
0134078,Canned Heat
8477369,Bob Davis
7947506,Lilli Georgescu
1276074,Jefferson Airplane
0905579,Michael Wadleigh
0002231,Gian Maria Volontè
0093030,Florinda Bolkan
0764369,Gianni Santuccio
0650010,Orazio Orlando
0870806,Sergio Tramonti
0231572,Arturo Dominici
0719354,Aldo Rendine
0287530,Massimo Foschi
0656993,Aleka Paizi
0244602,Vittorio Duse
0666480,Pino Patti
0709951,Salvo Randone
1460904,Giuseppe Licastro
0208522,Filippo De Gara
0342114,Fulvio Grimaldi
0012009,Ugo Adinolfi
0549121,Franco Marletta
0069039,Giacomo Bellini
0677880,Elio Petri
0950079,Stephen Young
0835021,Michael Strong
0517444,Carey Loftin
0241711,Albert Dumortier
0490224,Frank Latimore
0667133,Morgan Paull
0901044,Karl Michael Vogler
0382707,Bill Hickman
0958772,Pat Zurica
0061784,David Bauer
0057383,John Barrie
0618411,Richard Münch
0712022,Siegfried Rauch
0060988,Michael Bates
0006168,John Lennon
0005200,Paul McCartney
0365600,George Harrison
0823592,Ringo Starr
13162556,Sue Ahearne
1397313,The Beatles
5179086,Peter Brown
13165070,Peter Craddock
13165068,Ray Dagg
0256169,Geoff Emerick
0263006,Mal Evans
5254590,Kevin Harrington
13379985,David Kendrick
13165062,Eileen Kensley
0512327,Michael Lindsay-Hogg
0552326,George Martin
0565363,Heather McCartney
0565371,Linda McCartney
0945522,Sô Yamamura
0001072,Joseph Cotten
0586227,Tatsuya Mihashi
0848796,Takahiro Tamura
0867391,Eijirô Tôno
0793569,Shôgo Shimada
0000748,Leon Ames
0882255,Jun Usami
0027323,Richard Anderson
0457557,Kazuo Kitamura
0027882,Keith Andes
0297935,Kinji Fukasaku
0557927,Toshio Masuda
0001285,Elliott Gould
0000643,Tom Skerritt
0001419,Sally Kellerman
0100911,Roger Bowen
0041281,Rene Auberjonois
0035069,David Arkin
0679539,Jo Ann Pflug
0121400,Gary Burghoff
0004365,Fred Williamson
0614526,Michael Murphy
0037774,Indus Arthur
0699368,Ken Prymus
0873757,Bobby Troup
0041191,Kim Atwood
0114790,Timothy Brown
0775870,John Schuck
0000265,Robert Altman
0590055,John Mills
0427756,Christopher Jones
0587234,Sarah Miles
0287687,Barry Foster
0443811,Marie Kean
0642724,Arthur O&#x27;Sullivan
0189728,Evin Crowley
0791012,Douglas Sheldon
0799245,Gerald Sim
0413289,Barry Jackson
0449048,Des Keogh
0865636,Niall Toibin
0641043,Philip O&#x27;Flynn
0625010,Donal Neligan
0641405,Brian O&#x27;Higgins
0761212,Dominique Sanda
0135320,Lino Capolicchio
0000918,Helmut Berger
0601377,Fabio Testi
0885123,Romolo Valli
0149042,Camillo Cesarei
0018946,Inna Alexeievna
0605653,Katina Morisani
0683340,Barbara Pilavin
0074292,Michael Berger
0314315,Ettore Geri
0192683,Raffaele Curi
0243997,Giampaolo Duregon
0313081,Marcella Gentile
0116460,Cinzia Bruno
0194920,Alessandro D&#x27;Alatri
0029606,Camillo Angelini-Rota
0006774,Joshua Sinclair
0878302,Dorothy Tutin
0277975,Frank Finlay
0943859,Patrick Wymark
0535861,Patrick Magee
0336509,Charles Gray
0419785,Michael Jayston
0180433,Richard Cornish
0188928,Anna Cropper
0328982,Michael Goodliffe
0392497,Patrick Holt
0424368,Stratford Johns
0400731,Ken Hughes
0532298,Ali MacGraw
0641939,Ryan O&#x27;Neal
0001537,Ray Milland
0638812,Russell Nype
0908246,Sydney Walker
0595281,Robert Modica
0200113,Walker Daniels
0000169,Tommy Lee Jones
0580673,John Merensky
0241893,Andrew Duncan
0285553,Charlotte Ford
0094048,Sudie Bond
0307278,Julie Garfield
0641915,Kevin O&#x27;Neal
0099609,Milo Boulton
0235877,Stephen Dowling
0002137,Arthur Hiller
0001509,Dean Martin
0781029,Jean Seberg
0822972,Maureen Stapleton
0625167,Barry Nelson
0944073,Dana Wynter
0634313,Lloyd Nolan
0354853,Barbara Hale
0004833,Gary Collins
0277512,John Findlater
0877069,Peter Turgeon
0037735,Bea Arthur
0000473,Diane Keaton
0385603,Joseph Hindy
0144710,Richard S. Castellano
0413271,Anne Jackson
0345340,Harry Guardino
0575198,Anne Meara
0228336,Bob Dishy
0354158,Marian Hailey
0104787,Michael Brandon
0390603,Anthony Holland
0435742,Bob Kaliban
0830243,Amy Stiller
0427725,Charlotte Jones
0551067,Mort Marshall
0397220,Cy Howard
0000961,Timothy Bottoms
0000313,Jeff Bridges
0001732,Cybill Shepherd
0000995,Ellen Burstyn
0107281,Eileen Brennan
0347656,Clu Gulager
0098734,Sam Bottoms
0880580,Sharon Ullrick
0001642,Randy Quaid
0372723,Joe Heathcock
0862174,Bill Thurman
0236281,Barc Doyle
0298479,Jessie Lee Fulton
0110668,Gary Brockette
0401666,Helena Humann
0146178,Loyd Catlett
0000953,Peter Bogdanovich
0867694,Topol
0186408,Norma Crane
0294600,Leonard Frey
0682000,Molly Picon
0365280,Rosalind Harris
0550626,Michele Marsh
0806505,Neva Small
0001274,Paul Michael Glaser
0522590,Ray Lovelock
0249966,Elaine Edwards
0095199,Candy Bonstein
0750836,Shimen Ruskin
0778666,Zvee Scooler
0957922,Louis Zorich
0778691,Alfie Scopp
0329641,Howard Goorney
0219336,Barry Dennen
0001702,Roy Scheider
0721073,Fernando Rey
0516215,Tony Lo Bianco
0664687,Frédéric de Pasquale
0714232,Ann Rebbot
0308872,Harold Gary
0112029,Arlene Farber
0250670,Eddie Egan
0259666,André Ernotte
0343780,Sonny Grosso
2174137,Benny Marino
0567564,Patrick McDermott
0917289,Alan Weeks
0266802,Al Fann
0009007,Irving Abrahams
0001243,William Friedkin
0696303,Lawrence Pressman
0141543,Conlan Carter
0574534,Ian McShane
0687189,Suzanne Pleshette
0338396,Walon Green
0818527,Ed Spiegel
0642198,Jennifer O&#x27;Neill
0342201,Gary Grimes
0396749,Jerry Houser
0174179,Oliver Conant
0021214,Katherine Allentuck
0635782,Christopher Norris
0296135,Lou Frizzell
0778780,Walter Scott
0840531,Janet Suzman
0633661,Roderic Noble
0551323,Ania Marson
0292802,Lynne Frederick
0322540,Candace Glendenning
0298386,Fiona Fullerton
0028674,Harry Andrews
0941683,Irene Worth
0048982,Tom Baker
0922367,Timothy West
0774530,Katherine Schofield
0238379,Jean-Claude Drouot
0356268,John Hallam
0738212,Guy Rolfe
0939795,John Wood
0162541,Charles Cioffi
0873148,Dorothy Tristan
0303601,Rita Gam
0313554,Nathan George
0622263,Vivian Nathan
0833471,Morris Strassberg
0811117,Barry Snider
0424583,Betty Murray
0924936,Jane White
0831471,Shirley Stoler
0589628,Robert Milli
0123062,Fred Burrell
0795711,Richard B. Shull
0933840,Mary Louise Wilson
0001587,Alan J. Pakula
0001671,Diana Rigg
0246004,Richard Dysart
0254634,Stephen Elliott
0545408,Nancy Marchand
0153366,Jordan Charney
0089348,Roberts Blossom
0048689,Lenny Baker
0358118,Richard Hamilton
0432441,Arthur Junaluska
0364299,Kate Harrington
0001340,Katherine Helmond
0393656,David Hooks
0827973,Frances Sternhagen
0907107,Robert Walden
0001450,Angela Lansbury
0287028,Bruce Forsyth
0639953,Cindy O&#x27;Callaghan
0810900,Roy Snart
0917855,Ian Weighill
0642697,Tessie O&#x27;Shea
0332520,Arthur Gould-Porter
0942958,Ben Wrigley
0870595,Rick Traeger
0490233,Manfred Lating
0649443,John Orchard
0357090,Bob Holt
0453832,Ward Kimball
0745780,Richard Roundtree
0348214,Moses Gunn
0820626,Christopher St. John
0593380,Gwenn Mitchell
0036663,Victor Arnold
0108226,Sherri Brewer
0730443,Rex Robbins
0946381,Camille Yarbrough
0912363,Margaret Warncke
0502494,Joseph Leon
0424523,Arnold Johnson
0058972,Dominic Barto
0835362,George Strus
0368034,Edmund Hashim
0113467,Drew Bundini Brown
0485594,Tommy Lane
0662953,Gordon Parks
0000199,Al Pacino
0001001,James Caan
0001330,Sterling Hayden
0504803,Al Lettieri
0001820,Abe Vigoda
0001735,Talia Shire
0751625,Gianni Russo
0001030,John Cazale
0553887,Al Martino
0455088,Morgana King
0598926,Lenny Montana
0000338,Francis Ford Coppola
0880521,Liv Ullmann
0843306,Kari Sylwan
0862026,Ingrid Thulin
0252244,Anders Ek
0318676,Inga Gill
0430746,Erland Josephson
0605786,Henning Moritzen
0959813,Georg Årlin
0902894,Ingrid Bergman
0074822,Lena Bergman
0137324,Lars-Owe Carlberg
0321549,Malin Gjörup
0423943,Greta Johansson
0423980,Karin Johansson
0516566,Ann-Christin Lobråten
0526464,Börje Lundh
0591485,Liza Minnelli
0340926,Helmut Griem
0001297,Joel Grey
0921202,Fritz Wepper
0001943,Marisa Berenson
0627147,Elisabeth Neumann-Viertel
0006742,Helen Vita
0902868,Sigrid von Richthofen
0895278,Gerd Vespermann
0938754,Ralf Wolter
0367067,Georg Hartmann
0720007,Ricky Renée
0618658,Estrongo Nachama
0229951,Kathryn Doby
0415362,Inge Jaeger
0462252,Angelika Koch
0892577,Helen Velkovorska
0002080,Bob Fosse
0786891,Delphine Seyrig
0291289,Paul Frankeur
0644680,Bulle Ogier
0000804,Stéphane Audran
0144045,Jean-Pierre Cassel
0077921,Julien Bertheau
0904371,Milena Vukotic
0291214,Maria Gabriella Maione
0686263,Claude Piéplu
0612840,Muni
0536536,Pierre Maguelon
0537922,François Maistre
0681566,Michel Piccoli
0046891,Ellen Bahl
0051179,Christian Baltauss
0061644,Olivier Bauchet
0072319,Robert Benoît
0000320,Luis Buñuel
13557317,Agnes Benjamin
0331374,Marjoe Gortner
13557316,Vernon Gortner
0449576,Sarah Kernochan
0808474,Howard Smith
0001902,Edward Albert
0912966,Michael Warren
0427720,Charlene Jones
0707149,Jessica Rains
0752777,Paul Ryan
0779047,Debralee Scott
0882889,Sandra Vacey
0441501,Milton Katselas
0528595,Carol Lynley
0001771,Stella Stevens
0552863,Pamela Sue Martin
0790272,Eric Shea
0755589,Fred Sadoff
0021052,Sheila Allen
0916843,Byron Webster
0186833,John Crawford
0368561,Bob Hastings
0625358,Erik L. Nelson
0001967,Peter Boyle
0692093,Don Porter
0307255,Allen Garfield
0137948,Karen Carlson
0714793,Quinn K. Redeker
0881518,Morgan Upton
0503627,Michael Lerner
0864851,Kenneth Tobey
0695626,Christopher Pray
0586683,Joe Miksak
0838135,Jenny Sullivan
0197080,Tom Dahlgren
0383732,Gerald Hiken
0020762,Leslie Allen
0329342,Jason Goodrow
0207021,Robert De Anda
0006916,Michael Ritchie
0566680,Alec McCowen
0001283,Louis Gossett Jr.
0930286,Cindy Williams
0281866,Robert Flemyng
0007023,José Luis López Vázquez
0350826,Raymond Gérôme
0256399,Daniel Emilfork
0545378,Corinne Marchand
0357678,John Hamill
0842581,David Swift
0390994,Bernard Holley
0925549,Valerie White
0681360,Antonio Pica
0767237,Alex Savage
0067041,Olive Behrendt
0635586,Nora Norman
0001164,Charles Durning
0332390,Harold Gould
0373570,John Heffernan
0253020,Dana Elcar
0444955,Jack Kehoe
0035195,Dimitra Arliss
0429149,Robert Earl Jones
0806277,James Sloyan
0666901,Lee Paul
0000476,Sally Kirkland
0518880,Avon Long
0000304,Linda Blair
0935345,Kitty Winn
0588553,Jason Miller
0641780,William O&#x27;Malley
0382263,Barton Heyman
0557751,Peter Masterson
0771869,Rudolf Schündler
0678420,Gina Petrushka
0843367,Robert Symonds
0832407,Arthur Storch
0075900,Thomas Bermingham
0539518,Vasiliki Maliaros
0537089,John Mahon
0001575,Tatum O&#x27;Neal
0001404,Madeline Kahn
0384916,John Hillerman
0425928,P.J. Johnson
0364099,James N. Harrell
0914126,Lila Waters
0932244,Noble Willingham
0949317,Bob Young
0766826,Jack Saunders
0928115,Jody Wilbur
0743618,Liz Ross
0365942,Yvonne Harrison
4742785,Ed Reed
0696874,Dorothy Price
0091558,Eleanor Bogart
0286949,Dorothy Forster
0529543,Jean-Pierre Léaud
0000076,François Truffaut
0186569,Dani
0150709,Jean Champion
0000882,Nathalie Baye
0786263,Maurice Seveno
0548432,David Markham
0579500,Bernard Menez
0427241,Gaston Joly
0744347,Zénaïde Rossi
0756732,Xavier Saint-Macary
0102291,Marc Boyle
0049295,Walter Bal
0953025,Bruno Zanin
0104392,Armando Brancia
0409049,Ciccio Ingrassia
0649756,Nando Orfei
0744242,Luigi Rossi
0136253,Gianfilippo Carcano
0849906,Josiane Tanzilli
0031337,Maria Antonietta Beluzzi
0406304,Giuseppe Ianigro
0107059,Ferruccio Brembilla
0223691,Antonino Faà di Bruno
0593012,Mauro Misul
0897486,Nando Villella
0816472,Antonio Spaccatini
0135372,Aristide Caporale
0648359,Gennaro Ombra
0905993,Lindsay Wagner
0002144,John Houseman
0065320,Graham Beckel
0622553,James Naughton
0001346,Edward Herrmann
0625269,Craig Richard Nelson
0527987,Robert Lydiard
0166359,David Clennon
0046483,Regina Baff
0403446,Irma Hurley
0595983,Bill Moher
0001974,Blair Brown
1230859,Richard Whelan
0477198,Alan Kwinter
0645913,Nicholas Olah
0424303,David B. Johns
0108745,James Bridges
0226947,Bradford Dillman
0001042,Lois Chiles
0641929,Patrick O&#x27;Neal
0511798,Viveca Lindfors
0248983,Herb Edelman
0263960,Diana Ewing
0428736,Marcia Mae Jones
0092895,Eric Boles
0677017,Barbara Peterson
0421772,Roy Jenson
1300262,Brendan Kelly
0374348,Laurie Heineman
0809507,Patricia Smith
0203076,Thayer David
0361127,William Hansen
0419256,Harvey Jason
0511515,Liv Lindeland
0662430,Lara Parker
0417633,Janina
0790401,Pearl Shear
0293156,Ben Freedman
0497797,Madeline Lee
0130834,Rosalee Calvert
0000814,John G. Avildsen
0000649,Paul Sorvino
0130282,K Callan
0255914,Michael Elwyn
0054072,Mary Barclay
0768022,Nadim Sawalha
0860221,Ian Thompson
0439988,Ève Karpf
0209095,David de Keyser
0113605,Gaye Brown
0643110,Carl Oatley
0209854,Rebecca De Los Reyes
0812659,Felipe Solano
0580326,Antonio Merchan
0624680,Hildegard Neil
0138232,Timothy Carlton
0000134,Robert De Niro
0833448,Lee Strasberg
0311155,Michael V. Gazzo
0819525,G.D. Spradlin
0109175,Richard Bright
0608311,Gastone Moschin
0456124,Bruno Kirby
0803370,Frank Sivero
0211495,Francesca De Sapio
0384494,Marianna Hill
8844279,Tin Chan
8844280,Chau Diem
0628924,Ngo Dinh Diem
0241344,John Foster Dulles
0245349,Kay Dvorshock
8859795,David Emerson
6795649,Mui Duc Giang
6795642,Charles Hoey
8844277,Stan Holder
6795641,Jerry Holter
6795644,Vo Thi Hue
0425696,Lyndon B. Johnson
0448123,John F. Kennedy
0448305,Robert F. Kennedy
4322310,William Marshall
0565130,Eugene McCarthy
0387282,Ho Chí Minh
0205282,Peter Davis
0000197,Jack Nicholson
0959022,Darrell Zwerling
0002663,Diane Ladd
0048147,Richard Bakalyan
0323098,Bruce Glover
0385585,Nandu Hinds
0642378,James O&#x27;Rear
0393222,James Hong
0704511,Beulah Quo
0297732,Jerry Fujikawa
0658128,Belinda Palmer
0138770,Art Carney
0258089,René Enríquez
0565731,Michael McCleery
0637113,Rashel Novikoff
0002037,Cliff De Young
0609215,Josh Mostel
0427288,Dolly Jonah
0100690,Sybil Bowan
0257552,Joe Madden
0397144,Bette Howard
0269606,Patricia Fay
0066527,Muriel Beerman
0348927,Louis Guss
0949411,Clint Young
0005196,Paul Mazursky
0001434,Kris Kristofferson
0070592,Mia Bendixsen
0527501,Alfred Lutter III
0124100,Billy Green Bush
0325959,Lelia Goldoni
0601692,Ola Moore
0636140,Harry Northup
0109709,Marty Brinton
0143848,Dean Casper
0609231,Murray Moston
0000172,Harvey Keitel
0102902,Lane Bradbury
0193224,Valerie Curtin
0000149,Jodie Foster
0010884,David Adams
0000217,Martin Scorsese
0000578,Anthony Perkins
0731499,Rachel Roberts
0183459,George Coulouris
0001486,Sidney Lumet
0000001,Fred Astaire
0086806,Susan Blakely
0000328,Richard Chamberlain
0001740,O.J. Simpson
0281224,Susan Flannery
0172355,Jack Collins
0675066,Felton Perry
0797268,Gregory Sierra
0347086,John Guillermin
0536750,Larry Mahan
0528555,Phil Lyne
0566948,Joel McCrea
0581303,Kieth Merrill
0000947,Karen Black
0001832,Sam Waterston
0196247,Howard Da Silva
0838057,Elliott Sullivan
0400458,Arthur Hughes
0779421,Kathryn Leigh Scott
0692037,Beth Porter
0848470,Paul Tamarin
0222799,John Devlin
0000475,Patsy Kensit
0928658,Marjorie Wildes
0001296,Lorne Greene
0000595,Victoria Principal
0507569,Monica Lewis
0217316,Gabriel Dell
0001917,Pedro Armendáriz Jr.
0709907,John Randolph
0633121,Kip Niven
0405111,Scott Hylands
0001221,Louise Fletcher
0077720,Michael Berryman
0111954,Dean R. Brooks
0113000,Alonzo Brown
0001079,Scatman Crothers
0000362,Danny DeVito
0240239,William Duell
0253574,Josip Elic
0271753,Lan Fendors
0448589,Ken Kenny
0483256,Mel Lambert
0489861,Sydney Lassick
0497656,Kay Lee
0000502,Christopher Lloyd
0001232,Milos Forman
0613364,Maksim Munzuk
0813272,Yuriy Solomin
0125730,Mikhail Bychkov
1276196,Vladimir Khrulyov
6210352,V. Lastochkin
6210353,Stanislav Marin
0843102,Igor Sykhra
6210354,Vladimir Sergiyakov
6210355,Yanis Yakobsons
6210356,Vladimir Khlestov
6210357,G. Polunin
6210358,V. Koldin
6210359,M. Tetov
6210360,S. Sinyavskiy
6210361,Vladimir Sverba
6210362,V. Ignatov
0470775,Vladimir Kremena
0701408,Aleksandr Pyatkov
0308882,Lorraine Gary
0331956,Carl Gottlieb
0469552,Jeffrey Kramer
0045681,Susan Backlinie
0277204,Jonathan Filley
0343722,Ted Grossman
0714268,Chris Rebello
0578054,Jay Mello
0276444,Lee Fierro
0903386,Jeffrey Voorhees
0455475,Craig Kingsbury
0627495,Robert Nevin
0001940,Peter Benchley
13682124,Jonathan Searle
0000229,Steven Spielberg
0000925,Steven Berkoff
0357864,Gay Hamilton
0477981,Diana Körner
0578527,Murray Melvin
0585460,Frank Middlemass
0703501,Godfrey Quigley
0832104,Philip Stone
0899920,Leon Vitali
0082843,John Bindon
0095795,Roger Booth
0020897,Penelope Allen
0101604,Sully Boyar
0308242,Beulah Garrick
0001406,Carol Kane
0443584,Sandra Kazan
0476040,Marcia Jean Kurtz
0506204,Amy Levitt
0550191,John Marriott
0648384,Estelle Omens
0819725,Gary Springer
0110814,James Broderick
0286148,Carmine Foresta
0000448,Lance Henriksen
0505801,Floyd Levine
0930454,Dick Anthony Williams
0001018,Keith Carradine
0086867,Ronee Blakley
0001167,Shelley Duvall
0000885,Ned Beatty
0233306,Robert DoQui
0002099,Henry Gibson
0001277,Scott Glenn
0000156,Jeff Goldblum
0371731,David Hayward
0629454,Allan F. Nicholls
0594265,Yûichirô Miura
12668021,Shintaro Ishihara
12668022,Taisuke Fujishima
12668023,Yukihiko Kato
12668024,So Anma
12668025,Hisashi Ishiguro
12668026,Noriaki Soga
0638928,Bruce Nyznik
0000907,Richard Benjamin
0217935,Carol Arthur
0502158,Rosetta LeNoire
0000719,F. Murray Abraham
0381606,Howard Hesseman
0186488,James Cranna
0726492,Ron Rifkin
0497503,Jennifer Lee Pryor
0076022,Jack Bernardi
0827018,Garn Stephens
0602766,Santos Morales
0353869,Archie Hahn
0332497,Sid Gould
0819582,Tom Spratley
0006889,Herbert Ross
0082300,Tony Bill
0919710,Ann Weldon
0026035,Luana Anders
0770465,Randy Scheer
0601912,Susanna Moore
0000402,Carrie Fisher
0648206,Mike Olton
0435923,Richard E. Kalk
0241789,Ronald Dunas
0118608,Hal Buckley
0000797,Hal Ashby
0040472,William Atherton
0858186,Roy Thinnes
0165145,Robert Clary
0232194,Peter Donat
0649178,Alan Oppenheimer
0601369,Joanna Moore
0204912,Joyce Davis
0711106,Jean Rasey
0311811,Ted Gehring
0507378,John L. Lewis
2472080,Carl Horn
3098949,Norman Yarborough
3139915,Logan Patterson
3097106,Houston Elmore
3098211,Phil Sparks
3097862,John Corcoran
3099062,John O&#x27;Leary
3098321,Donald Rasmussen
3097605,Hawley Wells Jr.
2495680,W.A. &#x27;Tony&#x27; Boyle
1377348,Joseph Yablonski
3097527,Chip Yablonski
2472988,Ken Yablonski
2473560,Arnold Miller
2466817,Florence Reece
2466751,Bazel Collins
3191492,Sudie Crusenberry
0465932,Barbara Kopple
0000230,Sylvester Stallone
0949350,Burt Young
0001835,Carl Weathers
0818874,Joe Spinell
0303729,Jimmy Gambina
0759299,Al Silvani
0578622,George Memmoli
0504694,Jodi Letizia
0507115,Diana Lewis
0641197,George O&#x27;Hanlon
0140890,Larry Carroll
0789976,Stan Shaw
0792421,Don Sherman
0762294,Billy Sands
0002075,Peter Finch
0121386,Arthur Burghardt
0123249,Bill Burrows
0139380,John Carpenter
0188829,Kathy Cronkite
0189726,Ed Crowley
0218731,Jerome Dempsey
0004916,Conchata Ferrell
0343371,Gene Gross
0344043,Stanley Grover
0344006,Cindy Grover
0382718,Darryl Hickman
0001358,Hal Holbrook
0000737,Jane Alexander
0000880,Meredith Baxter
0004834,Stephen Collins
0298323,Penny Fuller
0932643,Frank Wills
0130806,Henry Calvert
0156940,Dominic Chianese
0827032,Harvey Stephens
0925794,Billie Whitelaw
0873743,Patrick Troughton
0726403,Robert Rietty
0240961,Tommy Duggan
0834438,John Stride
0657353,Holly Palance
0101886,Roy Boyd
0235782,Freda Dowie
0713520,Sheila Raynor
0533928,Robert MacLeod
0090124,Bruce Boa
0271514,Don Fellows
0001149,Richard Donner
0001016,David Carradine
0001074,Ronny Cox
0227039,Melinda Dillon
0834373,Gail Strickland
0499792,John Lehne
0191783,Ji-Tu Cumbuka
0532180,Elizabeth Macey
0883219,Susan Vaill
0883218,Sarah Vaill
0595121,Alexandra Mock
0595137,Kimberly Mock
0126084,Miriam Byrd-Nethery
0483177,Jane Lambert
0123068,Jan Burrell
0572370,Lee McLaughlin
0815171,Robert Sorrells
0042106,Tina Aumont
0114978,Cicely Browne
0769273,Carmen Scarpitta
0019342,Clara Algranti
0309778,Daniela Gatti
0166182,Margareth Clémenti
0137585,Olimpia Carlisi
0299255,Silvana Fusacchia
0604553,Chesty Morgan
0518056,Leda Lojodice
0021031,Sandra Elaine Allen
0738275,Clarissa Mary Roll
0955029,Luigi Zerbinati
0208872,Hans van de Hoek
0840303,Dudley Sutton
0439570,John Karlsen
0000256,Jenny Agutter
0430151,Richard Jordan
0001975,Roscoe Lee Browne
0000396,Farrah Fawcett
0026295,Michael Anderson Jr.
0731505,Randolph Roberts
0512257,Lara Lindsay
0604670,Gary Morgan
0821094,Michelle Stacy
0386145,Laura Hippe
0922427,David Westberg
0139629,Camilla Carr
0507239,Greg Lewis
0184915,Ashley Cox
0183228,Bill Couch
0928580,Glenn R. Wilder
0138405,Jean Carmet
0240638,Jacques Dufilho
0746164,Catherine Rouvel
0818686,Jacques Spiesser
0057428,Maurice Barrier
0040343,Benjamin Memel Atchory
0075655,Peter Berling
0092245,Marius Beugre Boignan
0499518,Claude Legros
0231098,Dora Doll
0228019,Baye Macoumba Diop
0598336,Jacques Monnet
0771365,Dieter Schidor
0865649,Aboubakar Toine
0958250,Marc Zuber
0467982,Mamadou Koulibaly
0276792,Helmut Fiker
0400020,Klaus Huebl
0000269,Jean-Jacques Annaud
0000997,Gary Busey
0164339,Oliver Clark
0276367,Venetta Fields
0454601,Clydie King
0373627,Marta Heflin
0446619,M.G. Kelly
0513269,Joanne Linville
0749049,Uncle Rudy
0116775,Stephen Bruton
0187151,Sammy Lee Creason
0243204,Cleve Dupin
0296013,Donnie Fritts
0353380,Dean Hagen
0427607,Booker T. Jones
0682757,Frank Pierson
0001448,Jessica Lange
0364918,Julius Harris
0641172,Jack O&#x27;Halloran
0277344,Dennis Fimple
0491590,Ed Lauter
0604017,Jorge Moreno
0002869,Mario Gallo
0518821,John Lone
0906918,Garry Walberg
0000730,John Agar
0519058,Keny Long
0175725,Sid Conrad
0925833,George Whiteman
0373593,Wayne Heffley
0000434,Mark Hamill
0000148,Harrison Ford
0000355,Anthony Daniels
0048652,Kenny Baker
0562679,Peter Mayhew
0001190,David Prowse
0114436,Phil Brown
0292235,Shelagh Fraser
0701023,Jack Purvis
0125952,Eddie Byrne
0377120,Drewe Henley
0493200,Denis Lawson
0353796,Garrick Hagon
0458161,Jack Klaff
0000184,George Lucas
0000095,Woody Allen
0731634,Tony Roberts
0800328,Paul Simon
0546755,Janet Margolin
0223157,Colleen Dewhurst
0000686,Christopher Walken
0843332,Donald Symington
0492584,Mordecai Lawner
0626990,Joan Neuman
0612922,Jonathan Munk
0901649,Ruth Volner
0742412,Martin Rosenblatt
0031742,Hy Anzell
0000414,Teri Garr
0000837,Bob Balaban
0573688,J. Patrick McNamara
0447230,Warren J. Kemmerling
0230164,Philip Dodds
0346533,Cary Guffey
0084191,Shawn Bishop
0132176,Adrienne Campbell
0237846,Justin Dreyfuss
0174919,Merrill Connally
0225191,George DiCenzo
0235297,Amy Douglass
0516948,Alexander Lockwood
0556850,Marsha Mason
0191944,Quinn Cummings
0070801,Paul Benedict
0722315,Barbara Rhoades
0581449,Theresa Merritt
0790077,Michael Shawn
0669033,Patricia Pearcy
0145270,Gene Castle
0505150,Daniel Levins
0812427,Marilyn Sokol
0199525,Anita Dangler
0095834,Victoria Boothby
0182456,Robert Costanzo
11561679,Poncho Gonzalez
0532457,Jose Machado
0446425,Hubert Kelly
0491485,Dana Laurita
0060634,Michal Bat-Adam
1594252,Samy Ben-Youb
0412965,Gabriel Jabbour
0284974,Geneviève Fontanel
0478657,Bernard Lajarrige
0956943,Mohamed Zinet
0070382,Elio Bencoil
0030381,Stella Annicette
0252686,El Kebir
0781150,Ibrahim Seck
0759728,Math Samba
0529592,Théo Légitimus
0759850,Nadia Samir
0545862,Elisabeth Margoni
13657020,Rénata
0745663,Jacqueline Rouillard
0594624,Moshé Mizrahi
2861819,Kim Atwood
2773826,Marty Atwood
2773813,Mike Atwood
2773677,Mimi Atwood
2773818,Noel Atwood
2773811,Stephanie Atwood
2863432,Anh DeBolt
2863730,Bob DeBolt
2863679,Dat DeBolt
2863687,Dorothy DeBolt
2863249,J.R. DeBolt
2863868,Karen DeBolt
2863116,Ly&#x27; DeBolt
2862783,Mary DeBolt
2863152,Melanie DeBolt
2862573,Phong DeBolt
2862934,Sunee DeBolt
2863282,Tich DeBolt
0466793,John Korty
0000658,Meryl Streep
0607776,Elisabeth Mortensen
0001278,John Glover
0670852,Lisa Pelikan
0429304,Susan Jones
0219062,Maurice Denham
0582420,Mark Metcalf
0119587,Gérard Buhr
0344793,Stefan Gryff
0796995,Phillip Siegel
0137230,Len Cariou
0001153,Lesley-Anne Down
0347591,Laurence Guittard
0345295,Christopher Guard
0242459,Lesley Dunlop
0291640,Chloe Franks
0544749,Heinz Marecek
0876642,Jonathan Tunick
0874786,Hubert Tscheppe
0775625,Rudolph Schrympf
0776816,Franz Schussler
0776817,Johanna Schussler
0801548,Jean Sincere
0464193,Dagmar Koller
0109643,Ruth Brinkman
0697660,Harold Prince
0174883,Didi Conn
0798718,Joe Silver
0953651,Michael Zaslow
0622262,Stephen Nathan
0563039,Melanie Mayron
0445671,Jerry Keller
0716244,Lisa Reeves
0332944,John Gowans
0100679,Simmy Bow
0629777,Bernice Nicholson
0604630,Ed Morgan
0112072,Joseph Brooks
0504790,Amy Letterman
0951865,Marty Zagon
0321093,Martin Gish
0918915,Arnold Weiss
0125797,Brian Byers
0105183,Terry Brannon
0001698,John Savage
0001169,George Dzundza
0039625,Chuck Aspegren
0782132,Pierre Segui
0438306,Mady Kaplan
0942195,Amy Wright
0353024,Mary Ann Haenel
0476369,Richard Kuss
0341055,Joe Grifasi
0173012,Christopher Colombi Jr.
0439785,Victoria Karnafel
0769137,Jack Scardino
0001047,Michael Cimino
0000152,Richard Gere
0000724,Brooke Adams
0001731,Sam Shepard
0544371,Linda Manz
0795759,Jackie Shultis
0546765,Stuart Margolin
0068214,Gene Bell
0449956,Doug Kershaw
0508844,Richard Libertini
0501517,Frenchie Lemond
0549024,Sahbra Markus
0933072,Bob Wilson
0427180,Muriel Jolliffe
0929414,John Wilkinson
0170649,King Cole
0000517,Terrence Malick
10113906,Mickie Cold
0188757,Doug Cronin
10113904,Carlo Gallo
10113905,Jesus Rodriguez
10113903,Jon Shipiro
10113901,Jerome Watts
0788461,Arnold Shapiro
0001113,Brad Davis
0591968,Irene Miracle
0005019,Bo Hopkins
0093678,Paolo Bonacelli
0809544,Paul L. Smith
0919256,Norbert Weisser
0446037,Mike Kellin
0227878,Franco Diogene
0258117,Michael Ensign
0050876,Gigi Ballista
0539616,Kevork Malikyan
0952651,Joe Zammit Cordina
0011889,Yashar Adem
0712562,Raad Rawi
0101944,Tony Boyd
0000570,Alan Parker
0001659,Christopher Reeve
0452288,Margot Kidder
0178114,Jackie Cooper
0674781,Valerie Perrine
0770730,Maria Schell
0000654,Terence Stamp
0857187,Phyllis Thaxter
0247532,Jeff East
0566013,Marc McClure
0235243,Sarah Douglas
0587340,Penelope Milford
0001019,Robert Carradine
0320180,Robert Ginty
0339889,Mary Gregory
0588717,Kathleen Miller
0140739,Beeson Carroll
0878939,Willie Tyler
0136812,Louis Carello
0194234,Charles Cyphers
0170724,Olivia Cole
0400955,Tresa Hughes
0294050,Bruce French
0413839,Mary Jackson
0670914,Tim Pelt
0493311,Richard Lawson
0531546,Simon MacCorkindale
0000945,Jane Birkin
0277424,Jon Finch
0910737,Sam Wanamaker
0347015,François Guillaume
0382799,Barbara Hicks
0835144,Don Stroud
0001747,Charles Martin Smith
0417641,Conrad Janis
0430221,William Jordan
0600233,Maria Richwine
0426524,Amy Johnston
0642143,Dick O&#x27;Neill
0871239,Fred Travalena
0055634,John F. Goff
0410023,Gloria Irizarry
0077585,Jody Berry
0448283,Richard Kennedy
0063474,Jim Beach
0765605,Gailard Sartain
0691620,Albert Popwell
0711114,Steve Rash
0000367,Gérard Depardieu
0491021,Carole Laure
0223033,Patrick Dewaere
0785664,Michel Serrault
0386711,Eléonore Hirt
0745625,Jean Rougerie
0427262,Sylvie Joly
0509504,Riton Liebman
0746371,Liliane Rovère
0064650,Michel Beaune
0726450,Roger Riffard
0861219,André Thorent
0480185,André Lacombe
0300072,David Gabison
0350762,Gilberte Géniat
0673790,Jean Perin
0208837,Bertrand De Hautefort
0108984,Philippe Brigaud
0088397,Bertrand Blier
0001007,Dyan Cannon
0536850,Joseph Maher
0131985,Hamilton Camp
0266995,Stephanie Faracy
0512642,Jeannie Linero
0939093,Harry D.K. Wong
0543616,George J. Manos
0088745,Larry Block
0815168,Bill Sorrells
0000257,Alan Alda
0000323,Michael Caine
0561938,Elaine May
0302113,Denise Galik
0001640,Richard Pryor
0001070,Bill Cosby
0317524,Gloria Gifford
0292631,Sheila Frazier
0790580,David Sheehan
0102303,Michael Boyle
0493272,Len Lawson
0034082,Gino Ardito
0956535,Jerrold Ziman
0838595,Donna Summer
0485142,Valerie Landsburg
0638079,Terri Nunn
0893181,Chick Vennera
0900132,Ray Vitte
0519551,Mark Lonow
0397109,Andrea Howard
0579683,Robin Menken
0000700,Debra Winger
0295440,John Friedrich
0412955,Paul Jabara
0806500,Mews Small
0755022,Chuck Sacci
0063821,Hilary Beane
0422221,Otis Day
1657489,The Commodores
0011268,Phil Adams
0458228,Robert Klane
0000244,Sigourney Weaver
0001021,Veronica Cartwright
0000453,Ian Holm
0045993,Bolaji Badejo
0395600,Helen Horton
0694101,Eddie Powell
0000631,Ridley Scott
0002078,Frederic Forrest
0000401,Laurence Fishburne
0355278,Albert Hall
0956310,Jerry Ziesmer
0125793,Bo Byers
0443856,James Keane
0743953,Kerry Rossall
0574360,Ron McQueen
0556985,Tom Mason
0939626,Cynthia Wood
0109329,Fran Brill
0239180,Denise DuBarry
0120770,Oteil Burbridge
0445571,Ravenell Keller III
0180962,Brian Corrigan
0112982,Alfie Brown
0414193,Don Jacob
0565987,Ernest McClure
0666292,Kenneth Patterson
0893390,Richard Venture
0377888,Justin Henry
0003318,Howard Duff
0168642,George Coe
0001851,JoBeth Williams
0600810,Bill Moor
0150166,Howland Chamberlain
0707926,Jack Ramage
0652600,Jess Osuna
0394778,Nicholas Hormann
0662230,Ellen Parker
0104264,Shelby Brammer
0618847,Carol Nadell
0304623,Donald Gantry
0129477,Judith Calder
0523273,Peter Lownds
0000914,Robert Benton
0718237,Ann Reinking
0658336,Leland Palmer
0331054,Cliff Gorman
0893965,Ben Vereen
0284082,Erzsebet Foldi
0865845,Michael Tolan
0942642,Max Wright
0501125,William LeMassena
0437325,Irene Kane
0311708,Deborah Geffner
0386966,Robert Hitt
0546868,David Margulies
0112264,Susan Brooks
0330360,Keith Gordon
0937390,Ira Wohl
0937398,Philip Wohl
0640272,Christine O&#x27;Connor
0718496,Frances Reiss
0937395,Max Wohl
0937397,Pearl Wohl
0160550,Dennis Christopher
0000598,Dennis Quaid
0827663,Daniel Stern
0355097,Jackie Earle Haley
0057363,Barbara Barrie
0233209,Paul Dooley
0235228,Robyn Douglass
0000952,Hart Bochner
0540595,Peter Maloney
0039226,John Ashton
0795928,Lisa Shure
0585293,Jennifer K. Mickel
0001753,P.J. Soles
0087694,David K. Blase
0035944,William S. Armstrong
0928216,Howard S. Wilcox
0110307,J.F. Brière
0000908,David Bennent
0000728,Mario Adorf
0935190,Angela Winkler
0856918,Katharina Thalbach
0646037,Daniel Olbrychski
0257151,Tina Engel
0237750,Berta Drews
0856609,Roland Teubner
0475160,Tadeusz Kunikowski
0275138,Andréa Ferréol
0071502,Heinz Bennent
0656588,Ilse Pagé
0716838,Werner Rehm
0415397,Käte Jaenicke
0105341,Helmut Brasch
0761420,Otto Sander
0937051,Wigand Witting
0647080,Mariella Oliveri
0772522,Volker Schlöndorff
0827716,Isaac Stern
0326698,David Golub
7077913,Delun Li
2799901,Ching-Ling Soong
11587132,Shuzhen Tan
0940216,Leonard Woodcock
0503635,Murray Lerner
0719738,Kelly Reno
0001924,Hoyt Axton
0383449,Michael Higgins
0573677,Ed McNamara
0488015,Larbi Doghmi
0123624,John Burton
0118034,John Buchanan
0896912,Kristen Vigard
0870362,Fausto Tozzi
0184092,Frank Cousins
0388342,Donald Hodson
0537962,Marne Maitland
0050597,Carroll Ballard
0000178,Diane Lane
0076400,Thelonious Bernard
0384050,Arthur Hill
0241232,David Dukes
0840066,Claudette Sutherland
0282147,Graham Fletcher-Cook
0783917,Ashby Semple
0112533,Claude Brosset
0561284,Jacques Maury
0557281,Anna Massey
0491763,Dominique Lavanant
0551062,Mike Marshall
0054284,Michel Bardinet
0000176,Nastassja Kinski
0278752,Peter Firth
0493271,Leigh Lawson
0172014,John Collin
0161398,Tony Church
0060862,Brigid Erin Bates
0083228,Jeanne Biras
0079261,John Bett
0149435,Tom Chadbon
0553013,Rosemary Martin
0038218,Geraldine Arzul
0871781,Stephanie Treille
0912661,Elodie Warnod
0715841,Ben Reeks
0263409,Maryline Even
0202235,Jean-Jacques Daubin
0171282,Sylvia Coleridge
0000398,Sally Field
0000977,Beau Bridges
0500038,Ron Leibman
0115311,Robert Broyles
0130890,John Calvin
0172884,Booth Colman
0207616,Lee de Broux
0525403,James Luisi
0917136,Vernon Weddle
0337872,Gilbert Green
0591567,Bob Minor
0612706,Mary Munday
0835435,Jack Stryker
0906966,Gregory Walcott
0001850,Billy Dee Williams
0000568,Frank Oz
0120116,Jeremy Bulloch
0391197,John Hollis
0916088,Des Webb
0720890,Clive Revill
0171829,Kenneth Colley
0002103,Julian Glover
0790410,Michael Sheard
0449984,Irvin Kershner
0001550,Cathy Moriarty
0000582,Joe Pesci
0898634,Frank Vincent
0170225,Nicholas Colasanto
0757854,Theresa Saldana
0012376,Frank Adonis
0095114,Joseph Bono
0867666,Frank Topham
0281349,Lori Anne Flax
0778737,Charles Scorsese
0242988,Don Dunphy
0360545,Bill Hanrahan
1631599,Rita Bennett
0160696,James V. Christy
0026718,Floyd Anderson
0018079,Vera Alentova
0060692,Aleksey Batalov
0613655,Irina Muravyova
0268945,Aleksandr Fatyushin
0752925,Raisa Ryazanova
0810672,Boris Smorchkov
0890588,Yuriy Vasilev
0891347,Natalya Vavilova
0451355,Yevgeniya Khanayeva
0462496,Valentina Ushakova
0881554,Viktor Uralskiy
0299540,Zoya Fyodorova
0015253,Liya Akhedzhakova
0465450,Tatyana Konyukhova
0667394,Vladlen Paulus
0810550,Innokentiy Smoktunovskiy
0950881,Georgiy Yumatov
0579828,Vladimir Menshov
0002139,Judd Hirsch
0000459,Timothy Hutton
0001826,M. Emmet Walsh
0001527,Elizabeth McGovern
0001503,Dinah Manoff
0499791,Fredric Lehne
0797725,James Sikking
0388819,Basil Hoffman
0182582,Mariclare Costello
0612778,Meg Mundy
0399169,Elizabeth Hubbard
0000284,Adam Baldwin
0926026,Richard Whiting
0230346,Scott Doebler
0228521,Carl DiTomasso
0000651,Sissy Spacek
0375629,Levon Helm
0101992,Phyllis Boyens
0026286,Bill Anderson Jr.
0225417,Foister Dickerson
0566685,Malla McCown
0566687,Pamela McCown
0759467,Kevin Salvilla
0761836,William Sanderson
0524282,Sissy Lucas
0666338,Pat Patterson
0912184,Brian Warf
2071142,Elizabeth Watson
0000350,Beverly D&#x27;Angelo
0253853,Bob Elkins
0360272,Bob Hannah
0875616,Ernest Tubb
0000776,Michael Apted
0494432,Paul Le Mat
0156187,Elizabeth Cheshire
0005460,Mary Steenburgen
0852118,Chip Taylor
0241594,Melvin E. Dummar
0096908,Gene Borkan
0123652,Lesley Margret Burton
0183256,Wendy Lee Couch
0047061,Marguerite Baierski
0454820,Janice King
0458710,Deborah Ann Klein
0859578,Theodora Thomas
0399828,Elise Hudson
0725894,Robert Ridgely
0001129,Jonathan Demme
0058532,Eddie Barth
0001011,Irene Cara
0001087,Lee Curreri
0212847,Laura Dean
0289900,Antonia Franceschi
0301305,Boyd Gaines
0353831,Albert Hague
0409481,Steve Inwood
0005204,Paul McCrane
0581008,Joanna Merlin
0587944,Barry Miller
0600490,Jim Moody
0712833,Gene Anthony Ray
0853808,Maureen Teefy
0000739,Debbie Allen
0001938,Richard Belzer
0000261,Karen Allen
0293550,Paul Freeman
0722636,John Rhys-Davies
0479951,Ronald Lacey
0000547,Alfred Molina
0434759,Wolf Kahler
0001891,Anthony Higgins
0846004,Vic Tablian
0393853,William Hootkins
0717810,Bill Reimbold
0814885,Fred Sorenson
0244190,Patrick Durkin
0780321,Matthew Scurfield
0915912,Malcolm Weaver
0129640,Sonny Caldinez
0001970,Klaus Maria Brandauer
0126569,Ildikó Bánsági
0417370,Krystyna Janda
0388744,Rolf Hoppe
0190691,György Cserhalmi
0027984,Péter Andorai
0101823,Karin Boyd
0361950,Christine Harbort
0538217,Tamás Major
0457248,Ildikó Kishonti
0084450,Mária Bisztrai
0525763,Sándor Lukács
0126553,Ágnes Bánfalvy
0379796,Judit Hernádi
0475049,Vilmos Kun
0890221,Ida Versényi
0464694,István Komlós
0312654,Sári Gencsy
0843640,István Szabó
0571630,Doug McKeon
0001056,Dabney Coleman
0753068,Christopher Rydell
0004949,Troy Garity
0041932,Mark Rydell
0622544,David Naughton
0067643,Joe Belcher
0001162,Griffin Dunne
0774516,David Schofield
0323093,Brian Glover
0443343,Lila Kaye
0562201,Rik Mayall
0048917,Sean Baker
0752761,Paddy Ryan
0203586,Anne-Marie Davies
0940892,John Woodvine
0571743,Don McKillop
0447166,Paul Kember
0272817,Colin Fernandes
0608553,Albert Moses
0001345,Jim Henson
0000484,John Landis
0569239,Everett McGill
0000579,Ron Perlman
0252832,Nicholas Kadi
0001044,Rae Dawn Chong
0777229,Gary Schwartz
1874510,Naseer El-Kadi
0094958,Franck-Olivier Bonnet
0454338,Jean-Michel Kindt
0771391,Kurt Schiegl
0318633,Brian Gill
0280092,Terry Fitt
0143823,Bibi Caspari
0254590,Peter Elliott
0496690,Michelle Leduc
0492195,Robert Lavoie
0083641,Matt Birman
0070195,Christian Benard
0100205,Joy Boushel
0467085,Jerzy Kosinski
0182661,Nicolas Coster
0522281,Bessie Love
0228912,MacIntyre Dixon
0823575,Pat Starr
0933359,Eleanor D. Wilson
0687321,George Plimpton
0228533,Harry Ditson
0192850,Leigh Curran
0002027,Ben Cross
0153182,Ian Charleson
0268297,Nicholas Farrell
0369814,Nigel Havers
0314776,Daniel Gerroll
0000755,Lindsay Anderson
0132293,Cheryl Campbell
0000481,Alice Krige
0250718,Peter Egan
0734654,Struan Rodger
0947379,David Yelland
0070987,Yves Beneyton
0399853,Hugh Hudson
0001545,Dudley Moore
0280242,Geraldine Fitzgerald
0251708,Jill Eikenberry
0743874,Ted Ross
0053856,Thomas Barbour
0211408,Anne DeSalvo
0055694,Marjorie Barnes
0262715,Dillon Evans
0178641,Maurice Copeland
0425474,Justine Johnston
0898728,Paul Vincent
0389934,Mary Alan Hokanson
0322339,Paul Gleason
0813902,Phyllis Somerville
0330619,Steve Gordon
0349776,Bertil Guve
0021655,Pernilla Allwin
0012358,Kristina Adolphson
0014062,Börje Ahlstedt
0021910,Kristian Almgren
0082599,Carl Billquist
0259001,Siv Ericks
0297083,Ewa Fröling
0350737,Patricia Gélin
0335176,Majlis Granlund
0335177,Maria Granlund
0902369,Eva von Hanno
0373213,Sonya Hedenbratt
0383914,Olle Hilding
0392331,Svea Holst
0474649,Jarl Kulle
0001426,Ben Kingsley
0368990,Rohini Hattangadi
0786022,Roshan Seth
0000298,Candice Bergen
0002081,Edward Fox
0356847,Günther Maria Halmer
0297538,Athol Fugard
0006762,Saeed Jaffrey
0416524,Geraldine James
0655589,Alyque Padamsee
0700869,Amrish Puri
0000846,Ian Bannen
0117188,Michael Bryant
0001794,Henry Thomas
0000106,Drew Barrymore
0001075,Peter Coyote
0908914,Dee Wallace
0534085,Robert MacNaughton
0551502,K.C. Martel
0296892,Sean Frye
0001367,C. Thomas Howell
0000143,Erika Eleniak
1056761,David M. O&#x27;Dell
0842721,Richard Swingler
0869324,Frank Toth
0059240,Robert Barton
2060736,Michael Darrell
0075500,David Berkson
0137315,David Carlberg
0463100,Milt Kogan
0483932,Alexander Lampone
0790291,John Shea
0362222,Jerry Hardin
0103071,Richard Bradford
0005344,Joe Regalbuto
0843775,Keith Szarabajka
0233233,John Doolittle
0750023,Janice Rule
0182626,Ward Costello
0746525,Hansford Rowe
0739589,Tina Romero
0489425,Martin LaSalle
0000690,Lesley Ann Warren
0440090,Alex Karras
0823174,Graham Stark
0036170,Peter Arne
1229791,Herb Tanney
0730425,Michael Robbins
0151259,Norman Chancer
0304564,David Gant
0153093,Maria Charles
1369407,Malcolm Jamieson
0143942,John Cassady
0856784,Mike Tezcan
0328676,Christopher Good
0316702,Matyelok Gibbs
0000177,Kevin Kline
0001493,Peter MacNicol
0439334,Rita Karin
0628273,Stephen D. Newman
0877186,Greta Turken
0742409,Marcell Rosenblatt
0742558,Moishe Rosenfeld
0000862,Robin Bartlett
0513468,Eugene Lipinski
0745232,John Rothman
0937387,David Wohl
0688834,Nina Polan
0802925,Alexander Sirotin
0196849,Armand Dahan
0181324,Cortez Nance Jr.
0000195,Bill Murray
0000133,Geena Davis
0067497,Doris Belack
0284129,Ellen Foley
0309832,Peter Gatto
0858106,Lynne Thigpen
0777531,Ronald L. Schwary
0600717,Debra Mooney
2743638,Amy Lawrence
0801660,Kenny Sinclair
0581518,Susan Merson
0927622,Simon Wiesenthal
0150196,Neville Chamberlain
0161476,Winston Churchill
0324305,Joseph Goebbels
0351425,Hermann Göring
0381523,Rudolf Hess
0385441,Heinrich Himmler
0582474,Ralph Metcalfe
0651844,Martinus Osendarp
0654389,Jesse Owens
0691068,Pope Pius XII
0902861,Joachim von Ribbentrop
2807447,Erich Borchmeyer
0777510,Arnold Schwartzman
0001418,David Keith
0005162,Robert Loggia
0089408,Lisa Blount
0002060,Lisa Eilbacher
0686470,Tony Plana
0843221,Harold Sylvester
0000325,David Caruso
0294229,Victor French
0951471,Grace Zabriskie
0676964,Tommy Petersen
0779967,Mara Scott-Wood
1491267,David Greenfield
0748497,Dennis Rucker
0928113,Jane Wilbur
0919681,Buck Welcher
0000431,Taylor Hackford
0000154,Mel Gibson
0001373,Linda Hunt
0734368,Bembol Roco
0484770,Domingo Landicho
0208772,Hermino De Guzman
0274817,Noel Ferrier
0814358,Paul Sonkkila
0638148,Ali Nur
1455689,Dominador Robridillo
0013178,Joel Agona
0256635,Mike Emperio
0618708,Bernardo Nacilla
0449652,Bill Kerr
0544878,Coco Marantha
0496545,Kuh Ledesma
0879639,Norma Uatuhan
0001837,Peter Weir
0273888,Antonio Ferrandis
0664661,Encarna Paso
0126960,José Bódalo
0328020,Agustín González
0398436,Pablo Hoyos
0273312,Marta Fernández Muro
1468030,Pablo del Hoyo
0749899,Pedro Ruiz
12110771,Manuel Vega-Arango
0127596,Alfonso Cabeza
5310956,Antonio Maceda
0305054,José Luis Garci
0789970,Sebastian Shaw
0001519,Ian McDiarmid
0000469,James Earl Jones
0672190,Michael Pennington
0141816,Michael Carter
0741714,Tim Rose
0549658,Richard Marquand
0000438,Ed Harris
0911542,Fred Ward
0001347,Barbara Hershey
0822535,Kim Stanley
0715622,Pamela Reed
0667182,Scott Paulin
0290869,Charles Frank
0595567,Donald Moffat
0221044,Mary Jo Deschanel
0000834,Kathy Baker
0188371,Mickey Crocker
0442241,Philip Kaufman
0001099,Jeff Daniels
0001475,John Lithgow
0140906,Lisa Hart Carroll
0454487,Betty King
0289030,Huckleberry Fox
0003609,Troy Bishop
0785873,Shane Serwin
0606797,Megan Morris
0947046,Tara Yeakey
0071960,Norman Bennett
0430778,Jennifer Josey
0153183,Kate Charleson
0917419,Tom Wees
0579960,Paul Menzel
0000985,James L. Brooks
0002128,Tess Harper
0000990,Betty Buckley
0000979,Wilford Brimley
0000289,Ellen Barkin
0399141,Allan Hubbard
0902188,Lenny von Dohlen
0185611,Michael Crabtree
0391275,Andrew Scott Hollon
0615236,Rick Murray
0298596,Stephen Funchess
0281678,Glen Fleming
0007462,James Aaron
0081847,Jerry Biggs
0083442,Sheila Bird
0085581,Robert E. Blackburn III
0000915,Bruce Beresford
0001388,Amy Irving
0001597,Mandy Patinkin
0384696,Steven Hill
0179680,Allan Corduner
0330962,Ruth Goring
0817287,Bernard Spear
0544140,Doreen Mantle
0056271,Lynda Baron
0528695,Jack Lynn
0879271,Anna Tzelniker
0546816,Miriam Margolyes
0377931,Mary Henry
0055964,Robbie Barnett
0780766,Ian Sears
0048449,Frank Baker
0000884,Jennifer Beals
0636694,Michael Nouri
1230879,Sunny Johnson
0373600,Kyle T. Heffner
0898962,Lee Ving
0438682,Ron Karabatsos
0000873,Belinda Bauer
0199118,Malcolm Danare
0580526,Micole Mercurio
0282439,Lucy Lee Flippin
0110667,Don Brockett
0722407,Cynthia Rhodes
0564391,Durga McBroom
0681968,Stacey Pickren
0755967,Liz Sagal
0779634,Norman Scott
0001490,Adrian Lyne
0172423,Judy Collins
1659054,Tom McCaffrey
0635852,Lee Norris
0049422,George Balanchine
0195070,Carolyn d&#x27;Amboise
0195072,Christopher d&#x27;Amboise
0251733,Janet Eilber
0270732,Joshua Feinman
1716832,Todd Fredericks
0312916,Peter Gennaro
0729234,Chita Rivera
0922667,Alexander Westerman
0001915,Emile Ardolino
0001371,Tom Hulce
0000931,Elizabeth Berridge
0234541,Roy Dotrice
0001003,Simon Callow
0002056,Christine Ebersole
0000470,Jeffrey Jones
0443016,Charles Kay
0573299,Kenneth McMillan
0058853,Lisbeth Bartlett
0117408,Barbara Bryne
0147168,Martin Cavina
0177260,Roderick Cook
0218562,Milan Demjanenko
0226495,Peter DiGesu
0291068,Richard Frank
0385701,Patrick Hines
0001213,Harvey Fierstein
0587548,Harvey Milk
0472151,Anne Kronenberg
0367134,Tory Hartmann
0025066,Tom Ammiano
0254249,Jim Elliot
0220193,Henry Der
0947524,Jeannine Yeomans
0470094,Bill Kraus
0311249,Sally M. Gearhart
0109047,John Briggs
0113831,Jerry Brown
0141699,Jimmy Carter
1366892,Dianne Feinstein
1050807,David Fowler
2819592,Joseph Freitas
2747278,Terence Hallinan
1367602,George Moscone
0258531,Rob Epstein
0628955,Haing S. Ngor
0000518,John Malkovich
0001696,Julian Sands
0005266,Craig T. Nelson
0336960,Spalding Gray
0665473,Bill Paterson
0448058,Graham Kennedy
0156827,Katherine Krapum Chey
0682596,Oliver Pierpaoli
0156826,Edward Entero Chey
0083456,Tom Bird
0803062,Monirak Sisowath
0238825,Lambool Dtangpaibool
0923840,Ira Wheeler
0377788,David Henry
0538869,Patrick Malahide
0423646,Roland Joffé
0001009,Kate Capshaw
0702841,Ke Huy Quan
0152054,Roy Chiao
0948118,David Yip
0949521,Ric Young
0160913,Chua Kah Joo
0628970,Rex Ngui
0848883,Philip Tan
0000101,Dan Aykroyd
0593052,Akio Mitamura
0945194,Michael Yama
0620730,D.R. Nanayakkara
0476095,Dharmadasa Kuruppu
0211605,Stany De Silva
0001080,Lindsay Crouse
0001496,Amy Madigan
0000418,Danny Glover
0369001,Yankton Hatten
0416521,Gennie James
0809031,Lane Smith
0642368,Terry O&#x27;Quinn
0719037,Bert Remsen
0048844,Ray Baker
0666256,Jay Patterson
0399981,Toni Hudson
0924636,De&#x27;voreaux White
0371479,Jerry Haynes
0359393,Lou Hancock
0001114,Judy Davis
0051856,Victor Banerjee
0001919,Peggy Ashcroft
0934014,Richard Wilson
0671462,Antonia Pemberton
0191741,Michael Culver
0539562,Art Malik
0842578,Clive Swift
0278615,Ann Firbank
0396277,Sandra Hotz
0438930,Rashid Karapiet
0471467,H.S. Krishnamurthy
0125497,Ishaq Bux
0033329,Alexandre Arbatt
0699659,Wojciech Pszoniak
0000767,Jean-Hugues Anglade
0756651,Hubert Saint-Macary
0042104,Michel Aumont
0584191,Pierre Michaël
0042848,Serge Avedikian
0895598,Pierre Vial
0926919,Bernhard Wicki
0099134,Jacques Boudet
0753666,Benoît Régent
0335203,Sylvie Granotier
0800648,Albert Simono
0850990,Marcel Tassimot
0218252,Richard Dembo
0002239,Prince
0467664,Apollonia Kotero
0206528,Morris Day
0439466,Olga Karlatos
0929934,Clarence Williams III
0072934,Jerome Benton
0816966,Billy Sparks
0428379,Jill Jones
0403190,Charles Huntsberry
0225412,Dez Dickerson
0071624,Brenda Bennett
0839784,Susan Moonsie
0314842,Sandra Claire Gershman
0881478,Kim Upsher
0498570,Alan Leeds
0330269,Israel Gordon
0414838,Gil Jacobson
1591778,Joseph A. Ferraro
0536299,Albert Magnoli
0047490,Shane Bailey
0528236,Becky Jo Lynch
0393458,Don Hood
0866055,James Tolkan
0234966,Bob W. Douglas
0821436,Andy Stahl
0805990,Lisa Sloan
0274492,Larry D. Ferrell
0867540,Susie Toomey
0867530,Kelly Toomey
0852374,Frank Hoyt Taylor
0337921,Ivan Green
0183237,Desmond Couch
0725740,Charles G. Riddle
0001456,Kelly LeBrock
0004767,Joseph Bologna
0412382,Judith Ivey
0399675,Michael Huddleston
0705717,Gilda Radner
0957905,Michael Zorek
0065084,Billy Beck
0826467,Kyra Stempel
0407237,Robin Ignico
0830390,Viola Kates Stimpson
0920164,Danny Wells
0797876,Buddy Silberman
0662505,Monica Parker
0361719,Ernest Harada
0341263,Julann Griffin
0000150,Michael J. Fox
0000670,Lea Thompson
0000417,Crispin Glover
0001855,Tom Wilson
0920148,Claudia Wells
0818274,Wendie Jo Sperber
0564589,Frances Lee McCain
0169454,J.J. Cohen
0797150,Casey Siemaszko
0000708,Billy Zane
0914023,Harry Waters Jr.
0298412,Donald Fullilove
0293483,Lisa Freeman
0442022,Cristen Kauffman
0000709,Robert Zemeckis
0619938,Tatsuya Nakadai
0855417,Akira Terao
0628704,Jinpachi Nezu
0753480,Daisuke Ryû
7014801,Mieko Harada
0594523,Yoshiko Miyazaki
0407030,Hisashi Igawa
0676201,Pîtâ
0950784,Masayuki Yui
0441366,Kazuo Katô
0559472,Norio Matsui
0411763,Toshiya Ito
0462637,Kenji Kodama
0913872,Takashi Watanabe
1334850,Mansai Nomura
0441399,Takeshi Katô
0879957,Hitoshi Ueki
0001903,Norma Aleandro
0022765,Héctor Alterio
0897693,Chunchuna Villafañe
0032955,Hugo Arana
0061298,Guillermo Battaglia
0749719,Chela Ruíz
0176536,Patricio Contreras
0733289,María Luisa Robledo
0605791,Aníbal Morixe
0677753,Jorge Petraglia
0145486,Analia Castro
1082986,Daniel Lago
0488615,Augusto Larreta
0658648,Laura Palmucci
0721106,Leal Rey
0088840,Floria Bloise
0145827,Lidia Catalano
1169851,Deborah Kors
0699933,Luis Puenzo
0000534,Kelly McGillis
0001305,Lukas Haas
0813977,Josef Sommer
0747962,Jan Rubes
0324231,Alexander Godunov
0421116,Brent Jennings
0526985,Patti LuPone
0532815,Angus MacInnes
0738189,Frederick Rolf
0001557,Viggo Mortensen
0308596,John Garson
0561876,Beverly May
0137114,Timothy Carhart
0441988,Sylvia Kauders
0841607,Marian Swan
0001334,John Heard
0323344,Carlin Glynn
0000360,Rebecca De Mornay
0004668,Kevin Cooney
0507255,Harvey Lewis
0802985,Kirk Sisco
0849628,Dave Tanner
0321874,Gil Glasgow
0550325,Mary Kay Mars
0863219,Wezz Tildon
0125840,Peggy Ann Byers
0739717,David Romo
0868133,Tony Torn
0868129,John Torn
0557728,Alexandra Masterson
0000458,William Hurt
0000471,Raul Julia
0000968,Sonia Braga
0506784,José Lewgoy
0328604,Milton Gonçalves
0685140,Míriam Pires
0537345,Nuno Leal Maia
0868640,Fernando Torres
0084349,Patricio Bisso
0135629,Herson Capri
0241602,Denise Dumont
0661323,Nildo Parente
0678020,Antônio Petrin
0340716,Wilson Grey
0265825,Miguel Falabella
0106585,Walter Breda
0346961,Luiz Guilherme
0057789,Walmir Barros
0002199,Hector Babenco
0000333,Cher
0000655,Eric Stoltz
0000385,Sam Elliott
0001268,Estelle Getty
0000368,Laura Dern
0122036,Dennis Burkley
0598413,Lawrence Monoson
0681319,Ben Piazza
0454973,L. Craig King
0694490,Alexandra Powers
0591702,Kelly Jo Minter
0881161,Joe Unger
0021112,Todd Allen
0386332,Howard Hirdler
0059169,Jeannie Dimter Barton
0000307,Helena Bonham Carter
0324009,Patrick Godfrey
0001132,Judi Dench
0236902,Fabia Drake
0377131,Joan Henley
0907510,Amanda Walker
0000358,Daniel Day-Lewis
0109984,Maria Britneva
0494863,Rosemary Leach
0001291,Rupert Graves
0148149,Peter Cellier
0288148,Mia Fothergill
0017733,Kitty Aldridge
0412465,James Ivory
0457655,Michael Kitchen
0100942,Malick Bowens
0857730,Joseph Thiaka
0455945,Stephen Kinyanjui
0358180,Suzanna Hamilton
0189561,Graham Crowden
0727300,Shane Rimmer
0119444,Mike Bugara
0781217,Job Seda
0880800,Mohammed Umar
0564857,Donal McCann
0556801,Kenneth Mason
0789600,Artie Shaw
0078949,John Best
0145292,Lee Castle
0286645,Helen Forrest
0371527,Polly Haynes
0390507,Billie Holiday
0607976,Frederick Morton
0682422,Mack Pierce
0723608,Buddy Rich
0868123,Mel Tormé
0923333,John Wexley
0075731,Brigitte Berman
0000747,Don Ameche
0001133,Brian Dennehy
0000430,Steve Guttenberg
0001788,Jessica Tandy
0893862,Gwen Verdon
0912113,Herta Ware
0193520,Tahnee Welch
0646768,Barret Oliver
0694361,Tyrone Power Jr.
0397212,Clint Howard
0483907,Charles Lampkin
0634549,Mike Nomad
0317786,Jorge Gil
0000678,Kathleen Turner
0382676,William Hickey
0724673,Lee Richardson
0518323,Michael Lombard
0001378,Anjelica Huston
3901910,George Santopietro
0001634,CCH Pounder
0783071,Ann Selepegno
0689269,Vic Polizos
0890654,Antonia Vasquez
0053104,Tomasino Baratta
0130763,John Calvani
0756763,Buffy Sainte-Marie
0638835,Laura Nyro
2831930,Mark Andrews
0039461,Ruby Askie
0082056,Violet Bikadie
2020436,Dennis DeConcini
0004934,Gerald Ford
0326400,Barry Goldwater
0369661,Grandfather Semu Haute
0409336,Daniel Inouye
0480632,Winona LaDuke
2826870,Manuel Lujan
0879819,Mo Udall
0610927,Victoria Mudd
0000864,Mikhail Baryshnikov
0002138,Gregory Hines
0804592,Jerzy Skolimowski
0000545,Helen Mirren
0000618,Isabella Rossellini
0269171,Florence Faure
0767674,David Savile
0514282,Ian Liston
0949297,Benny Young
0236919,Hilary Drake
0793601,Megumi Shimanuki
0073137,Daniel Benzali
0921302,Maria Werlander
0000299,Michael Biehn
0001343,Carrie Henn
0001663,Paul Reiser
0000200,Bill Paxton
0394054,William Hope
0001280,Jenette Goldstein
0559922,Al Matthews
0001679,Mark Rolston
0743768,Ricco Ross
0384876,Colette Hiller
0440511,Daniel Kash
0778992,Cynthia Dale Scott
0864150,Tip Tipping
0824365,Trevor Steedman
0561792,Paul Maxwell
0171438,Valerie Colgan
0000116,James Cameron
0000221,Charlie Sheen
0000297,Tom Berenger
0000353,Willem Dafoe
0202966,Keith David
0001845,Forest Whitaker
0005331,Francesco Quinn
0001143,Kevin Dillon
0001525,John C. McGinley
0426047,Reggie Johnson
0608601,Mark Moses
0323108,Corey Glover
0000136,Johnny Depp
0669868,Chris Pedersen
0651431,Bob Orwig
0285579,Corkey Ford
0624623,David Neidorf
0002057,Richard Edson
0865302,Tony Todd
0000231,Oliver Stone
0001848,Dianne Wiest
0001577,Maureen O&#x27;Sullivan
0085400,Lewis Black
0000506,Julia Louis-Dreyfus
0166061,Christian Clemenson
0001413,Julie Kavner
0000687,J.T. Walsh
0001806,John Turturro
0535865,Rusty Magee
0213772,Allen DeCheser
0213773,Artie DeCheser
0315288,John Getz
0137967,Leslie Carlson
0161546,George Chuvalo
0178680,Michael Copeman
0000343,David Cronenberg
0493706,Carol Lazare
0382087,Shawn Hewitt
3095262,Ann Green
8012617,Typhoon
0000460,Jeremy Irons
0564044,Ray McAnally
0001644,Aidan Quinn
0526724,Cherie Lunghi
0681975,Ronald Pickup
0522797,Chuck Low
0000553,Liam Neeson
0610350,Bercelio Moya
0411356,Sigifredo Ismare
0648906,Asuncion Ontiveros
0610345,Alejandrino Moya
0077381,Daniel Berrigan
0336921,Rolf Gray
0346270,Álvaro Guerrero
0492580,Tony Lawn
0198456,Joe Daly
0240645,Carlos Duplat
0330143,Dexter Gordon
0167388,François Cluzet
0354593,Gabrielle Haker
0714186,Sandra Reaves-Phillips
0571188,Lonette McKee
0664243,Christine Pascal
0359372,Herbie Hancock
0404201,Bobby Hutcherson
0870389,Pierre Trabaud
0576928,Frédérique Meininger
0080839,Hart Leroy Bibbs
0549201,Ged Marlon
0686911,Victoria Gabrielle Platt
0294043,Arthur French
0077587,John Berry
0851724,Bertrand Tavernier
0559144,Marlee Matlin
0097842,Philip Bosco
0327160,Allison Gompf
0165852,John F. Cleary
0392003,Philip Holmes
0166843,Georgia Ann Cline
0126081,William D. Byrd
0141622,Frank Carter Jr.
0510794,John Limnidis
0385217,Bob Hiltermann
0449684,E. Katherine Kerr
0059904,John Basinger
0536168,Barry Magnani
0100581,Linda Bove
0361189,Ann Hanson
0140572,James Carrington
0354279,Randa Haines
0513190,Derek de Lint
0879726,Marc van Uchelen
0892857,Monique van de Ven
0469096,John Kraaijkamp Sr.
0523826,Huub van der Lubbe
0919862,Elly Weller
0596521,Ina van der Molen
0903567,Frans Vorstman
0054441,Edda Barends
0091302,Casper de Boer
0352027,Wim de Haas
0511611,Hiske van der Linden
0927947,Piet de Wijn
0015448,Akkemay Elderenbos
0177579,Kees Coolen
0382368,Eric van Heyst
0373487,Mies de Heer
0231670,Oliver Domnick
0705444,Fons Rademakers
0000129,Tom Cruise
0001512,Mary Elizabeth Mastrantonio
0001726,Helen Shaver
0167850,Bill Cobbs
0013067,Robert Agins
0025692,Alvin Anastasia
0036269,Randall Arney
0001968,Elizabeth Bracco
0195101,Vito D&#x27;Ambrosio
0212939,Ron Dean
0230297,Lisa Dodson
0270337,Donald A. Feeney
0311867,Paul Geier
0325512,Carey Goldenberg
0345465,Joe Guastaferro
0379200,Paul Herman
0000209,Tim Robbins
0000174,Val Kilmer
0000381,Anthony Edwards
0000461,Michael Ironside
0007082,John Stockwell
0875613,Barry Tubb
0001685,Rick Rossovich
0319739,Clarence Gilyard Jr.
0399531,Whip Hubley
0000212,Meg Ryan
0664499,Adrian Pasdar
0103713,Randall Brady
0835146,Duke Stroud
0790571,Brian Sheehan
0001716,Tony Scott
0000126,Kevin Costner
0000412,Andy Garcia
0837976,Brad Sullivan
0236711,Billy Drago
0165101,Patricia Clarkson
0326333,Steven Goldstein
0043892,Peter Aylward
0367496,Don Harvey
0841568,Robert Swan
0909710,John J. Walsh
0167081,Del Close
0045983,Colleen Bade
0000361,Brian De Palma
0458064,Bodil Kjer
0270147,Birgitte Federspiel
0480951,Jean-Philippe Lafont
0000761,Bibi Andersson
0639152,Ghita Nørby
0026089,Asta Esper Hagen Andersen
0031318,Thomas Antoni
0060442,Gert Bastian
0073023,Viggo Bentzon
0368646,Vibeke Hastrup
0159915,Therese Højgaard Christensen
0449490,Pouel Kern
0471604,Cay Kristiansen
0517869,Lars Lohmann
0585704,Tine Miehe-Renard
0610228,Lisbeth Movin
0002196,Gabriel Axel
0404817,Pelle Hvenegaard
0654994,Erik Paaske
0334689,Björn Granath
0898166,Astrid Villaume
0835586,Axel Strøbye
0039578,Troels Asmussen
0879539,Kristina Törnqvist
0917462,Karen Wegener
0344894,Sofie Gråbøl
0800770,Lars Simonsen
0488722,Buster Larsen
0937045,John Wittig
0612928,Troels Munk
0052051,Nis Bank-Mikkelsen
0076772,Lena-Pia Bernhardsson
0084835,Anna Lise Hirsch Bjerrum
0916778,Vilhelm Weber
0000806,Bille August
0001040,Joan Chen
0948078,Ruocheng Ying
0939378,Victor Wong
0241748,Dennis Dun
0757098,Ryuichi Sakamoto
0359177,Maggie Han
0943180,Vivian Wu
0846480,Cary-Hiroyuki Tagawa
0323533,Jade Go
0407419,Fumihiko Ikeda
0904484,Richard Vuu
0863118,Tsou Tijger
0943174,Tao Wu
0266637,Guang Fan
0477348,Henry Kyi
0000934,Bernardo Bertolucci
0000693,Peter Weller
0000262,Nancy Allen
0641397,Dan O&#x27;Herlihy
0001748,Kurtwood Smith
0001208,Miguel Ferrer
0936403,Ray Wise
0324795,Jesse D. Goins
0952685,Del Zamora
0432517,Calvin Jung
0509408,Rick Lieberman
0138210,Mark Carlton
0249962,Edward Edwards
0195702,Michael Gregory
0000682,Paul Verhoeven
0000140,Michael Douglas
0876645,Tamara Tunie
0184429,Franklin Cover
0679406,Chuck Pfeiffer
0439170,James Karen
0528125,Leslie Lyles
0311620,Faith Geer
0135306,John Capodice
0613508,Suzen Murakoshi
0458702,Dani Klein
0320931,François Giroday
0848244,Ann Talman
0000115,Nicolas Cage
0001156,Olympia Dukakis
0000732,Danny Aiello
0100566,Julie Bovasso
0001498,John Mahoney
0149923,Feodor Chaliapin Jr.
0319036,Anita Gillette
0162361,Leonardo Cimino
0874119,Paula Trueman
0221631,Nada Despotovich
0213059,Gina DeAngeles
0359834,Helen Hanft
0397235,David S. Howard
0000664,Patrick Swayze
0000426,Jennifer Grey
0001583,Jerry Orbach
0115663,Jane Brucker
0084105,Kelly Bishop
0697014,Lonny Price
0134674,Max Cantor
0171286,Charles &#x27;Honi&#x27; Coles
0428925,Neal Jones
0607451,&#x27;Cousin Brucie&#x27; Morrow
0001431,Wayne Knight
0616629,Alvin Myerovich
0308449,Miranda Garrison
0329340,Garry Goodrow
0434560,Antone Pagán
0001737,Martin Short
0002994,Kevin McCarthy
0507187,Fiona Lewis
0920460,Vernon Wells
0000585,Robert Picardo
0769446,Wendy Schaal
0394494,John Hora
0852848,Mark L. Taylor
0004730,Orson Bean
0393661,Kevin Hooks
0293466,Kathleen Freeman
0588241,Dick Miller
0001102,Joe Dante
0486661,Margaret Langrick
0749017,Joshua Rudoy
0001310,Kevin Peter Hall
0837064,David Suchet
0443577,Lainie Kazan
0648919,William Ontiveros
2192610,David Richardt
0608366,Jacqueline Moscou
0448592,Laura Kenny
0036412,Richard Arnold
0605024,Sean Morgan
0283570,Nick Flynn
0532869,David MacIntyre
0686893,Peggy Platt
0213100,William Dear
0634159,Philippe Noiret
0134073,Enzo Cannavale
0041066,Antonella Attili
0199774,Isa Danieli
0347842,Leo Gullotta
0502813,Marco Leonardi
0620919,Agnese Nano
0143150,Salvatore Cascio
0162326,Tano Cimarosa
0224214,Nicola Di Pinto
0501665,Roberta Lena
0856196,Nino Terzo
0481115,Nellina Laganà
0321291,Turi Giuffrida
0321274,Mariella Lo Giudice
0868153,Giuseppe Tornatore
0000420,Valeria Golino
0596520,Gerald R. Molen
0613789,Jack Murdock
0731426,Michael D. Roberts
0786860,Ralph Seymour
0421087,Lucinda Jenney
0001372,Bonnie Hunt
0732152,Kim Robillard
0335275,Beth Grant
0234836,Dolan Dougherty
0234865,Marshall Dougherty
0234871,Patrick Dougherty
0234857,John-Michael Dougherty
0234874,Peter Dougherty
0234816,Andrew Dougherty
0427143,Loretta Wendt Jolivette
0001469,Barry Levinson
0000531,Frances McDormand
0000374,Brad Dourif
0000388,R. Lee Ermey
0864997,Stephen Tobolowsky
0740264,Michael Rooker
0898546,Pruitt Taylor Vince
0229200,Badja Djola
0242656,Kevin Dunn
0265670,Frankie Faison
0556977,Thomas B. Mason
0622535,Geoffrey Nauffts
0956053,Rick Zieff
0924617,Christopher White
0339443,Gladys Greer
0320566,Jake Gipson
0001364,Bob Hoskins
0001026,Joanna Cassidy
0281486,Charles Fleischer
0863519,Alan Tilvern
0503236,Richard LeParmentier
0386516,Lou Hirsch
0105280,Betsy Brantley
0005428,Joel Silver
0819752,Paul Springer
0725956,Richard Ridings
0185847,Edwin Craig
0390523,Lindsay Holiday
0249507,Mike Edmonds
0213148,Morgan Deare
0135626,Danny Capri
0391278,Christopher Hollosy
0053597,Klaus Barbie
0487351,Claude Lanzmann
0649096,Marcel Ophüls
2639536,Johannes Schneider-Merck
1035688,Raymond Lévy
2639207,Marcel Cruat
2640321,Henri Varlot
1280558,Pierre Mérindol
2640001,Johann Otten
2637760,Peter Minn
2635272,Claude Bourdet
2632493,Eugene Kolb
2637965,Lise Lesèvre
0041373,Lucie Aubrac
0041374,Raymond Aubrac
0481411,Simone Lagrange
2634944,Daniel Cordier
7786571,Frédéric Dugoujon
0000285,Alec Baldwin
0000474,Michael Keaton
0568499,Annie McEnroe
0656276,Maurice Page
0822230,Hugo Stanger
0594113,Rachel Mittelman
0001573,Catherine O&#x27;Hara
0766822,J. Jay Saunders
0262216,Mark Ettlinger
0000213,Winona Ryder
0787187,Glenn Shadix
0131773,Patrice Martinez
0198425,Cindy Daly
0877519,Douglas Turner
0277300,Carmen Filpi
0000318,Tim Burton
0000092,John Cleese
0000130,Jamie Lee Curtis
0001589,Michael Palin
0014883,Maria Aitken
0313702,Tom Georgeson
0371175,Patricia Hayes
0658244,Geoffrey Palmer
0165927,Cynthia Cleese
0255895,Mark Elwes
0680670,Neville Phillips
0429514,Peter Jonfield
0132631,Ken Campbell
0039185,Al Ashton
0401771,Roger Hume
0108926,Roger Brierley
0715932,Llewellyn Rees
0672888,Michael Percival
0000335,Glenn Close
0000201,Michelle Pfeiffer
0001436,Swoosie Kurtz
0000206,Keanu Reeves
0000235,Uma Thurman
0134922,Peter Capaldi
0792189,Joe Sheridan
0324636,Valerie Gogan
0072556,Laura Benson
0667744,Joanna Pavlis
0370444,Nicholas Hawtrey
0229472,Paulo Abel Do Nascimento
0482349,François Lalande
0598800,François Montagut
0428198,Harry Jones
0259027,Christian Erickson
0001241,Stephen Frears
0183464,Bernie Coulson
0744235,Leo Rossi
0372475,Ann Hearn
0034492,Carmen Argenziano
0031078,Steve Antin
0639856,Tom O&#x27;Brien
0887592,Peter Van Norden
0612329,Terry David Mulligan
0101427,Woody Brown
0464940,Kim Kondrashoff
0589358,Stephen E. Miller
0442515,Andrew Kavadas
0564245,Tom McBeath
0915952,Rose Weaver
0438279,Jonathan Kaplan
0893204,Diane Venora
0954677,Michael Zelniker
0942787,Samuel E. Wright
0570263,Michael McGuire
0359695,James Handy
0924254,Damon Whitaker
0619382,Morgan Nagler
0811405,Arlen Dean Snyder
0730168,Sam Robards
0934829,Penelope Windust
0942416,Glenn Wright
0650661,George Orrison
0098003,Chris Bosley
0115484,George T. Bruce
0000142,Clint Eastwood
0000429,Melanie Griffith
0000349,Joan Cusack
0004887,Nora Dunn
0001624,Oliver Platt
0482466,James Lally
0000228,Kevin Spacey
0247691,Robert Easton
0032628,Amy Aquino
0635139,Jeffrey Nordling
0924378,Elizabeth Whitcraft
0906000,Maggie Wagner
0227155,Lou DiMaggio
0000141,David Duchovny
0001952,Rubén Blades
0138388,Julie Carmen
0304000,James Gammon
0728159,Carlos Riquelme
0271733,Freddy Fender
0312629,Tony Genaro
0430692,Ronald G. Joseph
0037145,Mario Arrambide
0140351,Robert Carricart
0605494,Alberto Morin
0001773,David Ogden Stiers
0000893,Ed Begley Jr.
0000597,Bill Pullman
0331117,Robert Hy Gorman
0609447,Bradley Mott
0335079,Seth Granger
0396324,Amanda Houck
0396328,Caroline Houck
0625559,London Nelson
0332798,Gregory Gouyer
0113124,Bill Lee Brown
0623602,Donald Neal
0176592,Peggy Converse
0449870,Maureen Kerrigan
0001410,Lawrence Kasdan
0233145,Alison Doody
0000203,River Phoenix
0126250,Michael Byrne
0248848,Robert Eddison
0949985,Richard Young
0768488,Alexei Sayle
0405033,Alex Hyde-White
0086262,Isla Blair
0362657,J.J. Hardy
0339562,Bradley Gregg
0000245,Robin Williams
0000494,Robert Sean Leonard
0000160,Ethan Hawke
0001038,Josh Charles
0360796,Gale Hansen
0476378,Dylan Kussman
0749456,Allelon Ruggiero
0914209,James Waterston
0069724,Carla Belver
0694676,Leon Pownall
0552327,George Martin
0041767,Joe Aufiery
0136999,Matt Carey
0601328,Jane Moore
0001223,Lara Flynn Boyle
0506870,Sara Lewinstein
0541723,David Mandell
0541746,Suzi Mandell
0675381,Sallie Perryman
0751752,Vito Russo
0868894,Tracy Torrey
1193042,Gregg Baker
1197111,Gary Bauer
1197113,Robert Bazell
0102282,Kevin Boyle
0104904,Edward Brandt
0111232,Tom Brokaw
1197156,Bobbi Campbell
1197157,David C. Campbell
1194160,Marcus A. Conant
1194212,James Curran
1194408,Bolton Eckert
0266566,Jerry Falwell
0295243,Jeffrey Friedman
0000111,Matthew Broderick
0000243,Denzel Washington
0000144,Cary Elwes
0000151,Morgan Freeman
0448097,Jihmi Kennedy
0105672,Andre Braugher
0278125,John Finn
6230258,Donovan Leitch Jr.
0191631,JD Cullum
0635978,Alan North
0348409,Bob Gunton
0059966,Christian Baskous
0498165,RonReaco Lee
0761587,Jay O. Sanders
0726223,Richard Riehle
0420822,Daniel Jenkins
0346378,Michael Guess
0001880,Edward Zwick
0002084,Brenda Fricker
0924009,Alison Whelan
0792202,Kirsten Sheridan
0188520,Declan Croghan
0533942,Eanna MacLiam
0174870,Marie Conmee
0159258,Cyril Cusack
0237699,Phelim Drew
0564502,Ruth McCabe
0789716,Fiona Shaw
0480783,Pat Laffan
0694392,Derry Power
0640560,Hugh O&#x27;Conor
0570438,Darren McHugh
0789121,Owen Sharpe
0171428,Eileen Colgan
0006487,Jim Sheridan
0072533,Jodi Benson
0055549,Christopher Daniel Barnes
0140946,Pat Carroll
0250252,Paddi Edwards
0547465,Jason Marin
0566052,Edie McClurg
0752900,Will Ryan
0336408,Debbie Shapiro Gravitte
0917972,Robert Weil
0318027,Ed Gilbert
0012121,Charlie Adler
0029460,Jack Angel
0166256,Ron Clements
0615780,John Musker
0122238,Leo Burmester
0333804,Todd Graff
0066023,John Bedford Lloyd
0703862,J.C. Quinn
0779451,Kimberly Scott
0108107,Captain Kidd Brewer Jr.
0459188,George Robert Klek
0614162,Christopher Murphy
0625126,Adam Nelson
0006441,Dick Warlock
0917323,Jimmie Ray Weeks
0132517,J. Kenneth Campbell
0420898,Ken Jenkins
0254402,Chris Elliott
0711865,Peter Ratray
0000107,Kim Basinger
0943237,Robert Wuhl
0355717,Jerry Hall
0910145,Tracey Walter
0908751,Lee Wallace
0833380,Richard Strange
0153704,Carl Chase
0567881,Mac McDonald
0178059,George Lane Cooper
0687658,Terence Plummer
0000110,Kenneth Branagh
0001394,Derek Jacobi
0791871,Simon Shepherd
0488289,James Larkin
0000306,Brian Blessed
0799784,James Simmons
0339919,Paul Gregory
0142164,Fabian Cartwright
0800011,Stephen Simms
0898377,Jay Villiers
0223266,Edward Jewesbury
0916073,Danny Webb
0950788,Jimmy Yuill
0785938,John Sessions
0695970,Shaun Prendergast
0738354,Esther Rolle
0369908,Jo Ann Havrilla
0355253,William Hall Jr.
0837393,Alvin M. Sugarman
0311951,Clarice F. Geigerman
0601664,Muriel Moore
0435698,Sylvia Kaler
0324945,Carolyn Gold
0288935,Crystal Fox
0571964,Ray McKinnon
0430776,Ashley Josey
0746093,Jack Rousso
0268684,Fred Faser
0488267,Bryan Larkin
0000855,Raymond J. Barry
0442512,Caroline Kava
0262923,Josh Evans
0021050,Seth Allen
0848082,Jamie Talisman
0832165,Sean Stone
0090321,Anne Bobby
0001883,Jenna von Oÿ
0488322,Samantha Larkin
0312566,Erika Geminder
0204154,Amanda Davis
0607637,Kevin Harvey Morse
0913175,David Warshofsky
0001263,Jason Gedrick
0173989,Michael Compotaro
0000501,Ray Liotta
0000966,Lorraine Bracco
0201700,Tony Darrow
0823563,Mike Starr
0226746,Frank DiLeo
0950267,Henny Youngman
0557848,Gina Mastrogiacomo
0778734,Catherine Scorsese
0791877,Suzanne Shepherd
0000529,Debi Mazar
0935247,Margo Winkler
0001521,Mary McDonnell
0001295,Graham Greene
0002110,Rodney A. Grant
0922671,Floyd &#x27;Red Crow&#x27; Westerman
0001987,Tantoo Cardinal
0665123,Robert Pastorelli
0734236,Charles Rocket
0001999,Maury Chaykin
0379157,Jimmy Herman
0496724,Nathan Lee Chasing His Horse
0817375,Michael Spears
0518819,Jason R. Lone Hill
0682490,Tony Pierce
0152880,Doris Leader Charge
0263577,Tom Everett
0430829,Larry Joshua
0051257,Kirk Baltz
0000870,Kathy Bates
0002070,Richard Farnsworth
0419054,Graham Jarvis
4006007,Jerry Potter
0116125,Thomas Brunelle
0160590,June Christopher
0668372,Julie Payne
0810987,Gregory Snegoff
0101113,Wendy Bowers
1655961,Misery the Pig
0703894,John Michael Quinn
0001661,Rob Reiner
5201486,Jay Dee Witney
14905883,Lewie Anderson
14905884,R.J. Bergstrom
14905885,Ron Bergstrom
14905879,Wayne Goodnature
14905882,Jim Guyette
0413666,Jesse Jackson
14905880,Richard Knowlton
2819372,Juan Munoz
14905881,Charles Nyberg
0711710,Dan Rather
0001654,Ronald Reagan
1116011,Ray Rogers
1489494,William Serrin
0135199,Cathy Caplan
0359735,Thomas Haneke
0000216,Arnold Schwarzenegger
0000232,Sharon Stone
0001797,Rachel Ticotin
0068382,Marshall Bell
0424436,Mel Johnson Jr.
0150720,Michael Champion
0110735,Roy Brocksmith
0243024,Rosemary Dunsmore
0460671,David Knell
0732356,Alexia Robinson
0606487,Dean Norris
0140559,Debbie Lee Carrington
0619031,Lycia Naff
0000554,Sam Neill
0000347,Tim Curry
0005524,Courtney B. Vance
0001745,Stellan Skarsgård
0272511,Larry Ferguson
0000669,Fred Thompson
0204425,Daniel Davis
0891224,Ned Vaughn
0669625,Anthony Peck
0001532,John McTiernan
0110507,Anne Brochet
0001641,Vincent Perez
0916616,Jacques Weber
0078109,Roland Bertin
0605429,Philippe Morier-Genoud
0831673,Josiane Stoléru
0216187,Anatole Delalande
0727319,Alain Rimoux
0901812,Philippe Volter
0935300,Jean-Marie Winling
0622771,Louis Navarre
0598335,Gabriel Monnet
0548167,François Marié
0872583,Pierre Triboulet
0746083,Baptiste Roussillon
0746963,Christian Roy
0710919,Jean-Paul Rappeneau
0959891,Necmettin Çobanoglu
0845748,Nur Sürer
0803355,Emin Sivas
0015141,Erdinç Akbas
0645554,Yaman Okay
0351559,Yasar Güner
2822705,Hüseyin Mete
1494413,Yaman Tarcan
1747554,Selahattin Firat
2822303,Meryem Çaki
2822653,Mustafa
2821728,Mehmet
2822493,Fatma
2821764,Sükran
2821602,Zeynep
2821523,Elif
2822864,Abbas Manis
1747734,Yasar Kutbay
0002699,Xavier Koller
0798779,Ron Silver
0001711,Annabella Sciorra
0353467,Uta Hagen
0001770,Fisher Stevens
0319636,Jack Gilpin
0004724,Christine Baranski
0537554,Stephen Mailer
0242226,Christine Dunford
0005031,Felicity Huffman
0802169,Mano Singh
0137681,Johann Carlo
0714705,Keith Reddin
0693402,Alan Pottinger
0925943,Mitchell Whitfield
0942875,Tom Wright
0919000,Gordon Joseph Weiss
0775447,Barbet Schroeder
0000193,Demi Moore
0000155,Whoopi Goldberg
0001282,Tony Goldwyn
0493026,Stanley Lawrence
0444700,Christopher J. Keene
0107702,Susan Breslau
0214781,Martina Deignan
0458528,Rick Kleber
0284190,Macka Foley
0043173,Rick Aviles
0400413,John Hugh
0875180,Sam Tsoutsouvas
0107710,Sharon Breslau
0001704,Vincent Schiavelli
0261787,Angelina Estrada
0574333,Armelia McQueen
0958387,Jerry Zucker
0000187,Madonna
0001432,Charlie Korsmo
0640812,Michael Donovan O&#x27;Donnell
0929197,Jim Wilkey
0253136,Stig Eldred
0838612,Neil Summers
0382820,Chuck Hicks
0583581,Lawrence Steven Meyers
0001235,William Forsythe
0642522,Ed O&#x27;Ross
0000444,Glenne Headly
0137117,Marvellee Cariaga
0303243,Michael Gallup
0001025,Seymour Cassel
0505971,Ted Levine
0372217,Anthony Heald
0807548,Brooke Smith
0501435,Kasi Lemmons
0621008,Charles Napier
0000339,Roger Corman
0891381,Ron Vawter
0201719,Danny Darst
1508029,Jeffrie Lane
0493684,Paul Lazar
0124873,Dan Butler
0001389,Chris Isaak
0000157,Linda Hamilton
0000411,Edward Furlong
0001598,Robert Patrick
0091286,Earl Boen
0608012,Joe Morton
0580924,S. Epatha Merkerson
0346003,Castulo Guerra
0177528,Danny Cooksey
0075359,Xander Berkeley
0357696,Leslie Hamilton Gearren
0316480,Ken Gibbel
0935297,Robert Winley
0775623,Pete Schrum
0928630,Shane Wilder
0250218,Michael Edwards
0522027,Jared Lounsbery
0641314,Paige O&#x27;Hara
0000913,Robby Benson
0181425,Jesse Corti
0263591,Rex Everhart
0682300,Bradley Pierce
0925369,Richard White
0941506,Jo Anne Worley
0074834,Mary Kay Bergman
0191858,Brian Cummings
0258423,Alvin Epstein
0419645,Tony Jay
0614075,Alec Murphy
0731927,Kimmy Robertson
0815718,Kath Soucie
0873779,Gary Trousdale
0936374,Kirk Wise
0000198,Gary Oldman
0708260,Anthony Ramirez
0846507,Gary Taggart
0503266,Ray LePere
0715698,Steve Reed
0267141,Jodie Farber
0239505,Columbia Dubose
0575181,Randy Means
0606505,E.J. Morris
0671923,Cheryl Penland
0332216,Jim Gough
0751713,Perry R. Russo
0519378,Mike Longman
0000215,Susan Sarandon
0000514,Michael Madsen
0001520,Christopher McDonald
0000093,Brad Pitt
0000892,Jason Beghe
0205479,Sonny Carl Davis
0220841,Shelly Desai
0842855,Ken Swofford
0543738,Carol Mansell
0689324,Stephen Polk
0280372,Rob Roy Fitzgerald
0511941,Jack Lindine
0217548,Michael Doman
0117035,Adam Bryant
3051240,Paul Lombardi
0001383,David Hyde Pierce
0364973,Lara Harris
0647493,Warren Olney
0808235,Frazer Smith
0001689,Mercedes Ruehl
0001562,Kathy Najimy
0733427,Harry Shearer
0191370,Melinda Culea
0718956,James Remini
0100735,Mark Bowden
0653086,John Ottavino
0584298,Brian Michaels
0058983,Jayce Bartok
0000416,Terry Gilliam
0007746,Diego Abatantuono
0081702,Claudio Bigagli
0147794,Giuseppe Cederna
0084241,Claudio Bisio
0016642,Gigio Alberti
0176401,Ugo Conti
0227703,Memo Dini
0592242,Vasco Mirandola
0053161,Vana Barba
0600102,Luigi Montini
0337211,Irene Grazioli
0145951,Antonio Catania
0733646,Luigi Rocchetti
0900236,Alessandro Vivarelli
0759368,Gabriele Salvatores
0000345,Billy Crystal
0923210,Patricia Wettig
0000644,Helen Slater
0001601,David Paymer
0376347,Bill Henderson
0001787,Jeffrey Tambor
0507629,Phill Lewis
0001717,Kyle Secor
0356698,Dean Hallo
0848591,Karla Tamburrelli
0810379,Yeardley Smith
0881038,Ron Underwood
0000906,Annette Bening
0001505,Joe Mantegna
0764781,Richard C. Sarafian
0001564,Bebe Neuwirth
0768908,Gian-Carlo Scandiuzzi
0680881,Wendy Phillips
0556960,Stefanie Mason
0005205,Kimberly McCullough
0738850,Andy Romano
0000296,Robert Beltran
0333931,Bill Graham
0885707,Lewis Van Bergen
0738702,Joseph Roman
0864812,James Toback
0429466,William S. Jones
0509921,Allie Light
0764770,Irving Saraf
0941316,Jaimz Woolvett
0007210,Saul Rubinek
0004920,Frances Fisher
0505764,Anna Thomson
0610820,David Mucci
0132808,Rob Campbell
0416279,Anthony James
0292819,Tara Frederick
0254379,Beverley Elliott
0720082,Liisa Repo-Martell
0808844,Josie Smith
0576721,Shane Meier
0505178,Aline Levasseur
0136472,Cherrilene Cardinal
0918334,Scott Weinger
0488306,Linda Larkin
0293455,Jonathan Freeman
0919798,Frank Welker
0331906,Gilbert Gottfried
0780528,Douglas Seale
0123553,Corey Burton
0164950,Philip L. Clarke
0191906,Jim Cummings
0201373,Jennifer Darling
0220635,Debi Derryberry
0328640,Bruce Gooch
0517011,Vera Lockwood
0528802,Sherry Lynn
0000563,Chris O&#x27;Donnell
0714310,James Rebhorn
0000270,Gabrielle Anwar
0000450,Philip Seymour Hoffman
0925966,Bradley Whitford
0646983,Rochelle Oliver
0251037,Margaret Eginton
0268356,Tom Riis Farrell
0755556,Nicholas Sadler
0521974,Todd Louiso
0809286,Matt Smith
0133932,Gene Canfield
0175814,Frances Conroy
0820053,June Squibb
0253035,Ron Eldard
0614684,Sally Murphy
0000976,Martin Brest
0000656,Madeleine Stowe
0575184,Russell Means
0777760,Eric Schweig
0562003,Jodhi May
0905357,Steven Waddington
0836071,Wes Studi
0747687,Maurice Roëves
0161717,Patrice Chéreau
0087801,Edward Blatchford
0455767,Terry Kinney
0255130,Tracey Ellis
0723481,Justin M. Rice
0052139,Dennis Banks
0000592,Pete Postlethwaite
0000538,Colm Meaney
0028753,Mac Andrews
0832695,Malcolm Storry
0000520,Michael Mann
0000673,Marisa Tomei
0001494,Ralph Macchio
0001304,Fred Gwynne
0671721,Austin Pendleton
0569226,Bruce McGill
0583314,Paulene Myers
1807200,Raynor Scheine
0254760,Chris Ellis
0801113,Michael Simpson
0906858,Lou Walker
0428560,Kenny Jones
0580548,Thomas Merdis
0272459,J. Don Ferguson
0528718,Jonathan Lynn
0000548,Elizabeth Montgomery
0134793,Carlos Cantú
0409059,Diviana Ingravallo
0023225,Abraham Alvarez
0554976,Alma Martinez
0001617,Lou Diamond Phillips
2227977,Pedro Pablo Celedón
11578703,Richard Ferrán
11578704,Alejandro Flores
1031415,Julio Moline
0830804,Margarita Stocker
0051616,Ashton Bancroft
0065516,Manuel Becker
0083728,Larry Birns
0113542,Esmeralda Brown
0113729,Humberto Brown
0140813,Eugene Carroll
0149031,Julio Cesar Guerra
0872134,Barbara Trent
0001290,Richard E. Grant
0001004,Billy Campbell
0001244,Sadie Frost
0001823,Tom Waits
0000899,Monica Bellucci
0073404,Michaela Bercu
0447706,Florina Kendrick
0387734,I.M. Hobson
0291670,Laurie Franks
0934615,Maud Winchester
0128201,Octavian Cadia
0315294,Robert Getz
0000668,Emma Thompson
0071851,Joseph Bennett
0768795,Prunella Scales
0535900,Adrian Ross Magenty
0447601,Jo Kendall
0928134,James Wilby
0714876,Jemma Redgrave
0490203,Ian Latimer
0922335,Samuel West
0621771,Mary Nash
0695610,Siegbert Prawer
0511553,Susie Lindeman
0240440,Nicola Duffett
0849214,Mark Tandy
0820428,Andrew St. Clair
0001729,Craig Sheffer
0000950,Brenda Blethyn
0000503,Emily Lloyd
0791156,Stephen Shellen
0336167,Vann Gravage
0120961,Nicole Burdette
0005503,Susan Traylor
0191044,Michael Cudlitz
0185217,Rob Cox
0799629,Buck Simmonds
0642996,Fred Oakland
0187112,David Creamer
0720612,Madonna Reubens
0720611,John Reubens
0724423,Arnold Richardson
0001653,Stephen Rea
0001109,Jaye Davidson
0001669,Miranda Richardson
0001160,Adrian Dunbar
0571337,Breffni McKenna
0767753,Joe Savino
0842092,Birdy Sweeney
0076139,Andrée Bernard
0000980,Jim Broadbent
0114460,Ralph Brown
0805495,Tony Slattery
0139727,Jack Carr
0925023,Josephine White
0132849,Shar Campbell
0170958,Bryan Coleman
0212548,Ray De-Haan
0187889,David Crionelly
0001403,Neil Jordan
0273178,Fernando Fernán Gómez
0764450,Jorge Sanz
0004851,Penélope Cruz
0246418,Miriam Díaz-Aroca
0225916,Gabino Diego
0301556,Michel Galabru
0317725,Ariadna Gil
0483942,Chus Lampreave
0709288,Mary Carmen Ramírez
0893941,Maribel Verdú
0652770,Juan José Otegui
0094625,Jesús Bonilla
0302061,María Galiana
0693023,Joan Potau
0190908,Félix Cubero
0209253,Marciano de la Fuente
0755368,José Antonio Sacristán
0874096,Fernando Trueba
0000366,Catherine Deneuve
0199006,Linh-Dan Pham
0946179,Jean Yanne
0086924,Dominique Blanc
0551445,Henri Marteau
0104886,Carlo Brandt
0489311,Gérard Lartigau
0786614,Andrzej Seweryn
1048117,Mai Châu
0296311,Alain Fromager
0402184,Chu Hung
1441691,Jean-Baptiste Huynh
0598857,Thibault de Montalembert
0629008,Eric Nguyen
0858182,Thinh Trinh
1601276,Tien Tho
0912224,Régis Wargnier
0000246,Bruce Willis
0644707,Ian Ogilvy
0832531,Adam Storke
0279297,Nancy Fish
0355271,Alaina Reed-Hall
0001400,Michelle Johnson
0870729,Mary Ellen Trainor
0291290,William Frankfather
0408834,John Ingle
0820527,Clement von Franckenstein
0120838,Petrea Burchard
0418012,Jim Jansen
0448252,Mimi Kennedy
0865050,Paulo Tocha
0202628,Mark Davenport
0000146,Ralph Fiennes
0328751,Caroline Goodall
0755974,Jonathan Sagall
0001110,Embeth Davidtz
0311343,Malgorzata Gebel
0506616,Shmuel Levy
0411980,Mark Ivanir
0534151,Béatrice Macola
0903110,Friedrich von Thun
0525181,Krzysztof Luft
0624582,Harry Nehring
0633058,Adi Nitzan
0773946,Michael Schneider
0264577,Miri Fabian
0669629,Bob Peck
0274684,Martin Ferrero
0000703,BD Wong
0001515,Joseph Mazzello
0000611,Ariana Richards
0000168,Samuel L. Jackson
0762153,Miguel Sandoval
0861151,Cameron Thor
0276211,Christopher John Fields
0381035,Whit Hertford
0005678,Dean Cundey
0113909,Jophery C. Brown
0000688,Sela Ward
0000194,Julianne Moore
0001592,Joe Pantoliano
0441537,Andreas Katsulas
0469103,Jeroen Krabbé
0736263,Daniel Roebuck
0129749,L. Scott Caldwell
0940052,Tom Wood
0466914,Joseph F. Kosala
0632492,Miguel Nino
0238568,John Drummond
0287536,Tony Fosco
0279601,Joseph F. Fisher
0508705,James Liautaud
0201436,David Darlow
0001112,Andrew Davis
0000158,Tom Hanks
0561809,Roberta Maxwell
0453248,Buzz Kilman
0278052,Karen Finley
0152339,Daniel Chapman
0814834,Mark Sorensen Jr.
0932061,Jeffrey Williamson
0322579,Charles Glenn
0807332,Anna Deavere Smith
0745029,Stephanie Roth Haberle
0848041,Lisa Talerico
0933156,Chandra Wilson
0923820,Ford Wheeler
0000456,Holly Hunter
0001593,Anna Paquin
0907942,Kerry Walker
0501501,Geneviève Lemon
0048998,Tungia Baker
0612786,Ian Mune
0219352,Peter Dennett
0804373,Te Whatanui Skipwith
0809572,Pete Smith
0021600,Bruce Allpress
0193295,Cliff Curtis
0750528,Carla Rupuha
0876703,Mahina Tunui
0013945,Hori Ahipene
0368835,Gordon Hatfield
0102381,Mere Boynton
0001005,Jane Campion
0267586,Linda Faye Farkas
0205179,Michael Rees Davis
0177308,Terry Cook
0308430,Jon Garrison
0002148,Mary Beth Hurt
0934179,Stuart Wilson
0259844,Howard Erskine
0572937,John McLoughlin
0632190,Christopher Nilsson
0267449,Carolyn Farina
0000112,Pierce Brosnan
0391072,Polly Holliday
0004356,Lisa Jakub
0492932,Matthew Lawrence
0933798,Mara Wilson
0698764,Robert Prosky
0359774,Anne Haney
0135750,Scott Capurro
0068725,Joe Bellan
0611898,Martin Mull
0569598,Terence McGovern
0434867,Karen Kahn
0315854,Eva Gholson
0192330,James Cunningham
0001060,Chris Columbus
0713371,Susan Raymond
2963310,Deanna Burney
10702382,Clary Jansson
0000237,John Travolta
0000619,Tim Roth
0001625,Amanda Plummer
0522503,Laura Lovelace
0482851,Phil LaMarr
0001844,Frank Whaley
0824882,Burr Steers
0000609,Ving Rhames
0129538,Paul Calderon
0302345,Bronagh Gallagher
0000275,Rosanna Arquette
0387533,Jerome Patrick Hoban
0318402,Michael Gilden
0794967,Gary Shorelle
0000233,Quentin Tarantino
0000705,Robin Wright
0000641,Gary Sinise
0931508,Rebecca Williams
0402011,Michael Conner Humphreys
0381041,Harold G. Herthum
0446404,George Kelly
0672225,Bob Penny
0709615,John Randall
0027402,Sam Anderson
0602071,Margo Moorer
0854295,Ione M. Telech
0780410,Christine Seabrook
0941621,John Worsham
0229930,Peter Dobson
0266441,Siobhan Fallon Hogan
0954754,Alexander Zemeckis
0000100,Rowan Atkinson
0129295,Niketa Calame-Harris
0347039,Robert Guillaume
0446702,Moira Kelly
0001447,Nathan Lane
0494922,Zoe Leader
0001507,Cheech Marin
0754676,Ernie Sabella
0801672,Madge Sinclair
0001795,Jonathan Taylor Thomas
0146681,Cathy Cavadini
0243804,Judi M. Durand
0021249,Roger Allers
0591450,Rob Minkoff
0000572,Sarah Jessica Parker
0000099,Patricia Arquette
0000352,Vincent D&#x27;Onofrio
0143295,Max Casella
0385805,Brent Hinkley
0547273,Lisa Marie
0824552,George &#x27;The Animal&#x27; Steele
0484460,Juliet Landau
0742610,Clive Rosengren
0017491,Norman Alden
0855657,Leonard Termo
0068709,Ned Bellamy
0873385,Massimo Troisi
0002029,Maria Grazia Cucinotta
0769237,Renato Scarpa
0604323,Linda Moretti
0813169,Sergio Solli
0224010,Carlo Di Maio
0626216,Nando Neri
0224299,Vincenzo Di Sauro
0833087,Orazio Stracuzzi
0185539,Alfredo Cozzolino
0726764,Mariano Rigillo
0093718,Anna Bonaiuto
0044493,Calogero Azzaretto
0134951,Simona Caparrini
0142694,Angelo Casadei
0727004,Chuck Riley
0705535,Michael Radford
0586482,Nikita Mikhalkov
0200848,Ingeborga Dapkunaite
0579823,Oleg Menshikov
0586486,Nadezhda Mikhalkova
0473047,Svetlana Kryuchkova
0407959,Vladimir Ilin
0443606,Alla Kazanskaya
0035057,Nina Arkhipova
0503127,Avangard Leontev
0880767,Inna Ulyanova
0748857,Lyubov Rudneva
0752368,Vladimir Ryabov
0069456,Vladimir Belousov
0688667,Aleksey Pokatilov
0592491,Evgeniy Mironov
0015507,Tamara Akopova
0000566,Julia Ormond
0518312,Karina Lombard
0867588,Gordon Tootoosis
0221475,Paul Desmond
0681943,Christina Pickles
0936288,Robert Wisden
0636868,John Novak
0920564,Kenneth Welsh
0235596,Bill Dow
0765274,Sam Sarkar
0000911,Nigel Bennett
0532857,Keegan MacIntosh
0425053,Eric Johnson
0915989,Hugo Weaving
0001602,Guy Pearce
0751405,Rebel Penfold-Russell
13213378,John Casey
0071857,June Marie Bennett
0203871,Murray Davies
0180189,Frank Cornelius
0101624,Bob Boyce
0681779,Leighton Picken
0460375,Maria Kmet
0460374,Joseph Kmet
0201201,Alan Dargin
0402730,Bill Hunter
0181372,Julia Cortez
0446032,Daniel Kellie
0179152,Hannah Corbett
0057411,Trevor Barrie
0254632,Stephan Elliott
0000131,John Cusack
0000236,Jennifer Tilly
0001590,Chazz Palminteri
0000571,Mary-Louise Parker
0899995,Joe Viterelli
0001808,Tracey Ullman
0625030,Stacey Nelkin
0825555,Malgorzata Zajaczkowska
0185740,Charles Cragin
0677325,Nina von Arx
0004908,Edie Falco
0755078,Hope W. Sacharoff
0000113,Sandra Bullock
0001688,Alan Ruck
0687625,Glenn Plummer
0512610,Richard Lineback
0416551,Hawthorne James
0140033,Carlos Carrasco
0471180,David Kriegel
0644916,Natsuko Ohama
0898074,Daniel Villarreal
0300484,Simone Gad
0189955,Loretta Jean
0897944,Sherri Villanueva
0575741,Margaret Medina
0000957,Jan de Bont
0510929,Maya Lin
0595131,Freida Lee Mock
0001329,Nigel Hawthorne
0000372,Amanda Donohoe
0192754,Charlotte Curley
0108640,Peter Bride-Kirk
0131404,Eve Cadman
0178660,Thomas Copeland
0355731,Joanna Hall
0356529,Cassandra Halliburton
1255776,Russell Martin
0658893,Natalie Palys
0000391,Rupert Everett
0722279,Julian Rhind-Tutt
0502464,David Leon
0432294,Martin Julier
0129882,Anthony Calf
0203853,Matthew Lloyd Davies
0405336,Nicholas Hytner
0000959,Powers Boothe
0811202,Carrie Snodgress
0000504,Amy Locane
0752751,Mitchell Ryan
0245653,Dale Dye
0517506,Annie Ross
0459245,Anna Klemp
0427506,Anthony Rene Jones
0782425,Jay H. Seidl
0103015,David Bradford
0061307,Matt Battaglia
0737977,Rene Rokk
0769318,Fred Scasso
0406950,Victor Iemolo
0000321,Gabriel Byrne
0000286,Stephen Baldwin
0001125,Benicio Del Toro
0001629,Kevin Pollak
0000751,Suzy Amis
0002064,Giancarlo Esposito
0000445,Dan Hedaya
0000860,Paul Bartel
0107808,Carl Bressler
0800339,Phillipe Simon
0790436,Jack Shearer
0261452,Christine Estabrook
0163988,Clark Gregg
0402974,Morgan Hunter
0198470,Ken Daly
0001741,Bryan Singer
0000521,Sophie Marceau
0001526,Patrick McGoohan
0005171,Angus Macfadyen
0732703,James Robinson
0492566,Sean Lawlor
0625729,Sandy Nelson
0181920,James Cosmo
0569336,Sean McGinley
0848100,Alan Tall
0918571,Andrew Weir
0828941,Gerda Stevenson
0722661,Ralph Riach
0130860,Mhairi Calvey
0004051,Brian Cox
0360165,Peter Hanly
0082550,Stephen Billington
0569547,Barry McGovern
0000741,Tim Allen
0725543,Don Rickles
0001815,Jim Varney
0001728,Wallace Shawn
0001652,John Ratzenberger
0001633,Annie Potts
0606658,John Morris
0902184,Erik von Detten
0582418,Laurie Metcalf
0293589,Sarah Rayne
0422710,Penn Jillette
0039970,Spencer Aste
0073765,Greg Berg
7610142,Lisa Bradley
0192368,Kendall Cunningham
0005124,John Lasseter
13779449,Isa Baschwitz
12336445,Mary Bos
1513421,Janny Brandes-Brilslijper
8011323,Rose De Liema
6844904,Sal De Liema
0253452,Buddy Elias
1514093,Bloeme Evers
11155967,Alice Frank
0290833,Anne Frank
12323154,Helene Frank
1125918,Margot Frank
1128204,Otto Frank
9712719,Robert Frank
0317414,Miep Gies
12336444,Kitty Gokkel-Egyedi
13779448,Hanneli Goslar
0086282,Jon Blair
0000102,Kevin Bacon
0000599,Kathleen Quinlan
0770788,Mary Kate Schellhardt
0515973,Emily Ann Lloyd
0400816,Miko Hughes
0805189,Max Elliott Slade
0397362,Jean Speegle Howard
0718021,Tracy Reiner
0028625,David Andrews
0514633,Michele Little
0816876,Joe Spano
0000701,Kate Winslet
0281424,James Fleet
0929489,Tom Wilkinson
0910040,Harriet Walter
0428121,Gemma Jones
0000424,Hugh Grant
0291968,Myriam Emilie Francois
0819655,Elizabeth Spriggs
0362735,Robert Hardy
0109407,Ian Brimble
0025503,Isabelle Amyes
0000614,Alan Rickman
0936353,Greg Wise
0424127,Alexander John
0001767,Imelda Staunton
0835916,Imogen Stubbs
0491402,Hugh Laurie
0000487,Ang Lee
0000223,Elisabeth Shue
0507659,Richard Lewis
0001836,Steven Weber
0011128,Kim Adams
0698346,Emily Procter
0716537,Stuart Regen
0376318,Albert Henderson
0080296,Shashi Bhatia
0000508,Carey Lowell
0486071,Anne Lange
0465664,Thomas Kopache
0911910,Vincent Ward
0829390,French Stewart
0001214,Mike Figgis
0000576,Sean Penn
0922927,Celia Weston
0553269,Margo Martindale
0092906,Steve Boles
0086427,Nesbitt Blaisdell
0033068,Ray Aranha
0683978,Larry Pine
0730349,Gil Robbins
0000317,Clancy Brown
0002168,Willeke van Ammelrooy
0213912,Jan Decleir
0887675,Veerle van Overloop
0234579,Els Dottermans
0342869,Dora van der Groen
0904105,Esther Vriesendorp
0819418,Carolien Spoor
0712413,Thyrza Ravesteijn
0782040,Mil Seghers
0105984,Elsie de Brauw
0124453,Reinout Bussemaker
0333163,Marina de Graaf
0824756,Jan Steen
0854825,Catherine ten Bruggencate
0465526,Paul Kooij
0909019,Fran Waller Zeper
0389678,Leo Hogenboom
0277329,Flip Filz
0331296,Marleen Gorris
0000227,Mira Sorvino
0086322,Pamela Blair
0147503,Rene Ceballos
0149654,Elie Chaib
0209340,George De La Pena
0227226,Joanne DiMauro
0269658,Denise Faye
0276810,Marian Filali
0289465,Angelo Fraboni
0288799,Scott Fowler
0314981,Seth Gertsacov
0440081,Patti Karr
0542625,Fred Mann III
0591131,John Mineo
0625244,Christopher Nelson
0786120,Valda Setterfield
0867571,Sven Toorvald
0000342,James Cromwell
0844294,Magda Szubanski
0004815,Christine Cavanaugh
0542706,Danny Mann
0283565,Miriam Flynn
0853122,Russi Taylor
0469852,Evelyn Krape
0249768,Michael Edward-Stevens
0058793,Charles Bartlett
0515282,Paul Livingston
0123771,Zoe Burton
0323822,Paul Goddard
0371806,Wade Hayward
0126311,Brittany Byrnes
0010295,Mary Acres
0003088,Chris Noonan
0000288,Christian Bale
0048589,Joe Baker
0065942,Irene Bedard
0175262,Billy Connolly
0266301,James Apaumut Fall
0440885,John Kassir
0474122,Judy Kuhn
0820667,Michelle St. John
0308881,Linda Gary
0300265,Mike Gabriel
0325196,Eric Goldberg
0000375,Robert Downey Jr.
0000667,David Thewlis
0908116,Polly Walker
0005212,Ian McKellen
0533920,Mary MacLeod
0504675,Mark Letheren
0567372,Sandy McDade
0072035,Rosalind Bennett
0743925,Willie Ross
0926368,Benjamin Whitrow
0913928,Neville Watchurst
0697799,Bryan Pringle
0263189,Roy Evans
0001355,Michael Hoffman
0000513,William H. Macy
0000114,Steve Buscemi
0001780,Peter Stormare
0749021,Kristin Rudrüd
0696193,Harve Presnell
0219301,Tony Denman
0396828,Gary Houston
0935041,Sally Wingert
0777754,Kurt Schweickhardt
0463698,Larissa Kokernot
0676292,Melissa Peterman
0716324,Steve Reevis
0445316,Warren Keith
0249009,Steve Edelman
0027437,Sharon Anderson
0104594,Larry Brandenburg
0310086,James Gaulke
0001054,Joel Coen
0001053,Ethan Coen
0000671,Billy Bob Thornton
0948267,Dwight Yoakam
0000615,John Ritter
0085407,Lucas Black
0133882,Natalie Canerday
0358996,James Hampton
0224496,Rick Dial
0109785,Brent Briscoe
0911456,Christine Renee Ward
0098087,Sarah Boss
0113976,Kathy Sue Brown
0706280,Wendell Rafferty
0358953,Bruce Hampton
0156263,Vic Chesnutt
0428856,Mickey Jones
0601284,Ian Moore
0000738,Muhammad Ali
0286040,George Foreman
0005091,Don King
0113768,James Brown
0454475,B.B. King
0782891,Mobutu Sese Seko
0000490,Spike Lee
0537551,Norman Mailer
0369564,Thomas Hauser
0697012,Lloyd Price
0818971,The Spinners
0538460,Miriam Makeba
0165555,Odessa Clay
0181763,Howard Cosell
0270968,Wilton Felder
0309382,Leon Gast
0006664,Zdenek Sverák
0149936,Andrey Khalimon
0755941,Libuse Safránková
0895384,Ondrej Vetchý
0959184,Stella Zázvorková
0810602,Ladislav Smoljak
0515108,Irina Bezrukova
0840445,Silvia Suvadová
0539813,Liliyan Malkina
0379464,Karel Hermánek
0816735,Petra Spalková
0099173,Nela Boudová
0696751,René Pribil
0879345,Miroslav Táborský
0119098,Slávka Budínová
0816332,Jirí Sovák
0685361,Lubomir Pisa
0862149,F.X. Thuri
0841232,Jan Sverák
0001691,Geoffrey Rush
0000090,Armin Mueller-Stahl
0104051,Justin Braine
0865286,Sonia Todd
0371824,Chris Haywood
0706162,Alex Rafalowicz
0690837,Gordon Poole
0068431,Nicholas Bell
0184978,Danielle Cox
0328869,Rebecca Gooden
0434227,Marta Kaczmarek
8209079,John Cousins
0852965,Noah Taylor
0512959,Paul Linkson
0074327,Randall Berger
0919488,Ian Welbourne
0098749,Kelly Bottrill
0891010,Beverley Vaughan
0382956,Scott Hicks
0000300,Juliette Binoche
0000218,Kristin Scott Thomas
0004710,Naveen Andrews
0000147,Colin Firth
0905554,Julian Wadham
0001638,Jürgen Prochnow
0923610,Kevin Whately
0581378,Clive Merrison
0144875,Nino Castelnuovo
0744599,Hichem Rostom
0754125,Peter Rühring
0425132,Geordie Johnson
0383533,Torri Higginson
0183557,Raymond Coulthard
0924360,Philip Whitchurch
0005237,Anthony Minghella
0000421,Cuba Gooding Jr.
0000250,Renée Zellweger
0000593,Kelly Preston
0005278,Jerry O&#x27;Connell
0001542,Jay Mohr
0005093,Regina King
0005151,Jonathan Lipnicki
0671210,Mark Pellington
0836836,Jeremy Suarez
0433095,Jared Jussim
0807426,Benjamin Kimball Smith
0066492,Ingrid Beer
0921048,Jann Wenner
0005547,Alexandra Wentworth
0001081,Cameron Crowe
0000226,Will Smith
0171513,Margaret Colin
0000653,Brent Spiner
0001166,James Duval
0000407,Vivica A. Fox
0046723,Ross Bagley
0926165,Mae Whitman
0810488,Bill Smitrovich
0000386,Roland Emmerich
0434712,John Kani
0384060,Bernard Hill
0564947,Brian McCardie
0607865,Emily Mortimer
0700875,Om Puri
0147962,Henry Cele
0250803,Kurt Egelhof
0030266,Satchu Annamalai
0714780,Teddy Reddy
0451290,Raheem Khan
0222834,Jack Devnarain
0300016,Glen Gabela
0638437,Richard Nwamba
0520669,Nick Lorentz
0273159,Alex Ferns
0394280,Stephen Hopkins
0000569,Gwyneth Paltrow
0000627,Greta Scacchi
0001086,Alan Cumming
0370410,Denys Hawthorne
0860724,Sophie Thompson
0000562,Jeremy Northam
0001057,Toni Collette
0126402,Kathleen Byron
0492373,Phyllida Law
0940105,Edward Woodall
0587317,Brett Miley
0135682,Brian Capron
0923097,Karen Westwood
0932121,Paul Williamson
0185987,Rebecca Craig
0000191,Ewan McGregor
0569790,Douglas McGrath
0000596,Jonathan Pryce
0000104,Antonio Banderas
0619700,Jimmy Nail
0839777,Victoria Sus
0514780,Julian Littman
0580646,Olga Merediz
0657813,Laura Pallas
0941629,Julia Worsley
0525450,María Luján Hidalgo
0897844,Servando Villamil
0180639,Andrea Corr
0689948,Peter Polycarpou
0111767,Gary Brooker
0947664,Maite Yerro
0171630,Adrià Collado
0469318,Gabriel Kraisman
0238201,Martín Drogo
0000552,Eddie Murphy
0000586,Jada Pinkett Smith
0000336,James Coburn
0588777,Larry Miller
0152638,Dave Chappelle
0018099,John Ales
0933939,Patricia Wilson
0594301,Jamal Mixon
0564174,Nichole McAuley
0903200,Hamilton von Watts
0137543,Tony Carlin
0240606,Quinn Duffy
0005070,Montell Jordan
0930485,Doug Williams
0708981,David Ramsey
0791755,Chaz Lamar Shepherd
0356952,Lisa Halpern
0574248,Mark McPherson
0001723,Tom Shadyac
0000905,Roberto Benigni
0000971,Nicoletta Braschi
0134493,Giorgio Cantarini
0243842,Giustino Durano
0082979,Sergio Bini Bustric
0004650,Marisa Paredes
0001976,Horst Buchholz
0019145,Lidia Alfonsi
0518057,Giuliana Lojodice
0284997,Amerigo Fontani
0211599,Pietro De Silva
0350147,Francesco Guzzo
0495476,Raffaella Lebboroni
0019142,Claudio Alfonsi
0056391,Gil Baroni
0080641,Massimo Bianchi
0092104,Jürgen Bohn
0120717,Verena Buratti
0000354,Matt Damon
0000255,Ben Affleck
0585906,John Mighton
0538259,Rachel Majorowski
0565494,Colleen McCauley
0000729,Casey Affleck
0369513,Cole Hauser
0580436,Matt Mercier
0820538,Ralph St. George
0528546,Rob Lynds
0913418,Dan Washington
0284315,Alison Folland
0108683,Derrick Bridgeman
0006710,Vik Sahay
0251059,Shannon Egleson
0529147,Rob Lyons
0001814,Gus Van Sant
0000128,Russell Crowe
0000657,David Strathairn
0566783,Matt McCoy
0002117,Paul Guilfoyle
0781915,Paolo Seganti
0335171,Elisabeth Granli
0853140,Sandra Taylor
0710292,Steve Rankin
0333689,Allan Graf
0159068,Precious Chong
0810083,Symba
0000436,Curtis Hanson
0000138,Leonardo DiCaprio
0001784,Gloria Stuart
0001255,Victor Garber
0404993,Jonathan Hyde
0008656,Lewis Abernathy
0143167,Nicholas Cascone
0755972,Anatoly M. Sagalevitch
0001572,Danny Nucci
0058029,Jason Barry
0829380,Ewan Stewart
0000166,Helen Hunt
0001427,Greg Kinnear
0000240,Skeet Ulrich
0648913,Lupe Ontiveros
1212803,Jill the Dog
1428429,Timer the Dog
1428428,Billy the Dog
0652410,Bibi Osterwald
0088122,Ross Bleckner
0049360,Bernadette Balagtas
0169465,Jaffe Cohen
0453298,Laurie Kilpatrick
0891138,Alice Vaughn
0236519,Brian Doyle-Murray
0208798,Pavlik Jansen op de Haar
0404806,Fedja van Huêt
0776926,Betty Schuurman
0233288,Tamar van den Dop
0530564,Victor Löw
0450453,Hans Kesting
0485120,Lou Landré
0238274,Bernard Droog
0324458,Fred Goessens
0331972,Jasper Gottlieb
0331995,Marius Gottlieb
0264166,Marisa Van Eyle
0886239,Wim Van Der Grijn
0893655,Jos Verbist
0818715,Jaap Spijkers
0726397,Mark Rietman
0226016,Mike van Diem
0490552,Israel Lau
0787149,Livia Shacter
0458424,Abraham Klausner
0079780,Ernest Bevin
0874288,Harry S. Truman
0041082,Clement Attlee
0666567,George S. Patton
0295230,Herbert Friedman
0344295,Ruth Gruber
0441723,Harold Katz
0126324,James Byrnes
0199779,Yael Danieli
0247926,Abba Eban
0343063,Andrei Gromyko
0365057,Mark Jonathan Harris
0000400,Linda Fiorentino
0001724,Tony Shalhoub
0638276,Mike Nussbaum
0340973,Jon Gries
0129564,Sergio Calderón
0835393,Carel Struycken
0269021,Kent Faulcon
0018515,John Alexander
0132625,Keith Campbell
0861269,Ken Thorley
0106755,Patrick Breen
0001756,Barry Sonnenfeld
0001015,Robert Carlyle
0004692,Mark Addy
0810890,Wim Snape
0401269,Steve Huison
0053448,Paul Barber
0817563,Hugo Speer
0789093,Lesley Sharp
0941056,Emily Woof
0177678,Deirdre Costello
0125348,Paul Butterworth
0384169,Dave Hill
0427646,Bruce Jones
0515218,Andrew Livingston
0223567,Vinny Dhillon
0493506,Kate Layden
0841491,Joanna Swain
0485316,Diane Lane
0146341,Peter Cattaneo
0000560,Nick Nolte
0862923,Brigid Tierney
0651660,Holmes Osborne
0874082,Jim True-Frost
0692874,Tim Post
0382216,Christopher Heyerdahl
0783033,Marian Seldes
0857574,Janine Theriault
0829718,Paul Stewart
0733500,Wayne Robson
0564921,Sean McCann
0488324,Sheena Larkin
0541579,Penny Mancuso
0221542,Danielle Desormeaux
0694052,Charles Edwin Powell
0001707,Paul Schrader
0001744,Tom Sizemore
0122653,Edward Burns
0001608,Barry Pepper
0004965,Adam Goldberg
0004874,Vin Diesel
0000610,Giovanni Ribisi
0001111,Jeremy Davies
0001101,Ted Danson
0316079,Paul Giamatti
0001199,Dennis Farina
0821152,Joerg Stadler
0242882,Max Martini
0116465,Dylan Bruno
0148738,Daniel Cerqueira
0330983,Demetri Goritsas
0692139,Ian Porter
0059646,Bill Basch
0059651,Martin Basch
0103953,Randolph Braham
0128609,Alice Lok Cahana
0128610,Michael Cahana
0242794,Warren Dunn
0278640,Bernard Firestone
0278661,Renee Firestone
0299971,Dario Gabbai
0487192,Tom Lantos
0586250,Katsugo Miho
0618406,Hans Münch
0662940,Paul Parks
0957190,Irene Zisblatt
0957191,Robin Zisblatt
0090895,Karl Bodenschatz
0107022,Arno Breker
0290950,Hans Frank
0002224,James Moll
0147605,Carlo Cecchi
0081175,Jean-Luc Bideau
0464855,Christoph Koncz
0002076,Jason Flemyng
0491315,Anita Laurenzi
0700610,Tommaso Puntelli
0115798,Aldo Brugnini
0024872,Samuele Amighetti
0597042,Clotilde Mollet
0250910,Rainer Egger
0126983,Wolfgang Böck
0343007,Florentin Groll
0797898,Johannes Silberschneider
0218908,Arthur Denberg
0462775,Paul Koeker
0537867,Josef Mairginter
0331856,Johan Gotsch
0320660,François Girard
0000949,Cate Blanchett
0318884,Liz Giles
0191358,Rod Culbertson
0289183,Paul Fox
0726600,Terence Rigby
0001172,Christopher Eccleston
0830765,Peter Stockbridge
0752406,Amanda Ryan
0121755,Kathy Burke
0301923,Valerie Gale
0947964,George Antoni
0289656,James Frain
0286044,Jamie Foreman
0362570,Edward Hardwicke
0001212,Joseph Fiennes
0531808,Kelly Macdonald
0805697,Wayne Sleep
0001408,Shekhar Kapur
0000409,Brendan Fraser
0001655,Lynn Redgrave
0000357,Lolita Davidovich
0640413,Kevin J. O&#x27;Connor
0452492,Mark Kiely
0687443,Jack Plotnick
0044011,Rosalind Ayres
0079439,Jack Betts
0571578,Matt McKenzie
0044859,Todd Babcock
0370959,Cornelia Hayes O&#x27;Herlihy
0459397,Brandon Kleyla
0758012,Pamela Salem
0641149,Michael O&#x27;Hagan
0587778,David Millbern
0008894,Amir AboulEla
0174374,Bill Condon
0001772,Patrick Stewart
0000188,Steve Martin
0609424,Bobby Motown
0726180,Eden Riegel
0371866,Ofra Haza
0043041,James Avery
0193631,Aria Noelle Curzon
0768217,Stephanie Sawyer
0808216,Francesca Marie Smith
0745024,Shira Roth
0152312,Brenda Chapman
9054338,Steve Hickner
0920425,Simon Wells
0640838,Steven O&#x27;Donnell
0573406,Tim McMullan
0063945,Steven Beard
0792029,Antony Sher
0055271,Patrick Barlow
0167340,Martin Clunes
0718284,Sandra Reinton
0566259,Bridget McConnell
0322510,Georgie Glen
0099610,Nicholas Boulton
0006960,John Madden
0335465,Jessica Brooks Grant
0655618,Josh Paddock
0001034,Rosalind Chao
1162424,Maggie McCarthy
0094335,Wilma Bonet
0758413,Matt Salinger
0819543,Carin Sprague
0518547,June Carryl
0136283,Paul P. Card IV
0001348,Werner Herzog
0858642,Clara Thomas
0110544,Benjamin Brock
2767090,Joe Bartnick
0005251,Carrie-Anne Moss
0287825,Gloria Foster
0159059,Marcus Chong
0032810,Julian Arahanga
0233391,Matt Doran
0565883,Belinda McClory
0662562,Anthony Ray Parker
0853079,Robert Taylor
0040058,David Aston
0336802,Marc Aden Gray
0630124,Ada Nicodemou
0330139,Deni Gordon
0936894,Rowan Witt
0905154,Lana Wachowski
0905152,Lilly Wachowski
0000301,Thora Birch
0004747,Wes Bentley
0002546,Mena Suvari
0001251,Peter Gallagher
0005049,Allison Janney
0177933,Chris Cooper
0000836,Scott Bakula
0215916,Barry Del Sherman
0148043,Ara Celi
0158626,John Cho
0040717,Fort Atkinson
0917570,Brenda Wehle
0167156,Lisa Cloud
0005222,Sam Mendes
0005386,Cecilia Roth
0679150,Candela Peña
0760665,Antonia San Juan
0003030,Rosa Maria Sardà
0347218,Fernando Guillén
0134786,Toni Cantó
0523556,Carlos Lozano
0044376,Eloy Azorín
0608210,Manuel Morón
0868925,José Luis Torrijo
0049361,Carmen Balagué
0349556,Malena Gutiérrez
0055433,Yael Barnatán
0287452,Carme Fortuny
0000264,Pedro Almodóvar
0819166,Ankie Spitzer
0309101,Jamal Al Gashey
0786821,Gerald Seymour
0819713,Axel Springer
0951920,Gad Zahari
0482424,Shmuel Lalkin
0775253,Manfred Schreiber
0873338,Walter Troger
0917473,Ulrich K. Wegener
0312986,Hans-Dietrich Genscher
0738656,Schlomit Romajo
0301105,Magdi Gahary
0952640,Zvi Zamir
0793492,Dan Shilon
0389810,Heinz Hohensinn
0744840,Esther Roth-Shahamorov
0900898,Hans-Jochen Vogel
0531817,Kevin Macdonald
0005476,Hilary Swank
0001721,Chloë Sevigny
0765597,Peter Sarsgaard
0786639,Brendan Sexton III
0329773,Alicia Goranson
0036261,Jeannetta Arnette
0569847,Matt McGrath
0750735,Cheyenne Rushing
0696041,Robert Prentiss
0725935,Josh Ridgway
0259029,Craig Erickson
0781133,Stephanie Sechrist
0675178,Lou Perryman
0933768,Lisa Renee Wilson
6585958,Jackson Kane
0005303,Kimberly Peirce
0001497,Tobey Maguire
0000234,Charlize Theron
0005148,Delroy Lindo
0748620,Paul Rudd
0004721,Erykah Badu
0001085,Kieran Culkin
0625075,Kate Nelligan
0372809,Heavy D
0293461,K. Todd Freeman
0209289,Paz de la Huerta
0799777,J.K. Simmons
0661992,Evan Parke
0283497,Jimmy Flynn
0267772,Lonnie Farmer
0838059,Erik Per Sullivan
0002120,Lasse Hallström
0001401,Angelina Jolie
0245112,Clea DuVall
0005261,Brittany Murphy
0005253,Elisabeth Moss
0001467,Jared Leto
0079374,Angela Bettis
0035395,Jillian Armenante
0567399,Drucie McDaniel
0163243,Alison Claire
0616670,Christina Myers
0005088,Joanna Kerns
0003910,Travis Fine
0056058,Gloria Barnhart
0303980,Josie Gammell
0003506,James Mangold
0000378,Minnie Driver
0513281,Alex D. Linz
0005280,Rosie O&#x27;Donnell
0026406,Beth Anderson
0039229,Joseph Ashton
0074036,Bob Bergen
0090962,Billy Bodine
0112020,Hillary Brooks
0120309,Rodger Bumpass
2934314,Lily Collins
0187570,Kat Cressida
0118333,Chris Buck
0510674,Kevin Lima
0000207,Christina Ricci
0002091,Michael Gambon
0000680,Casper Van Dien
0341743,Richard Griffiths
0681844,Marc Pickering
0804218,Claire Skinner
0000489,Christopher Lee
0035605,Alun Armstrong
0816720,Mark Spalding
0654649,Jessica Oyelowo
0002077,Dexter Fletcher
0810058,Sukie Smith
0372732,Roger Heathcott
0636637,Wendy Nottingham
0066114,Stefan Bednarczyk
0404232,Geoffrey Hutchings
0001758,Timothy Spall
0497274,Francis Lee
0624242,Bill Neenan
0780686,Adam Searle
0767340,Martin Savage
0544334,Lesley Manville
0230586,Kate Doherty
0352901,Kenneth Hadley
0301369,Keeley Gainey
0177267,Ron Cook
0005139,Mike Leigh
0001618,Joaquin Phoenix
0001567,Connie Nielsen
0005023,Djimon Hounsou
0795344,John Shrapnel
0032962,Tomas Arana
0005241,Ralf Moeller
0004829,Spencer Treat Clark
0281107,Tommy Flanagan
0861752,Sven-Ole Thorsen
0229084,Omid Djalili
0568988,Nicholas McGaughey
0445479,Chris Kell
0001082,Billy Crudup
0297578,Patrick Fugit
0005028,Kate Hudson
0005134,Jason Lee
0221046,Zooey Deschanel
0029400,Michael Angarano
0000103,Fairuza Balk
0270152,John Fedevich
0468820,Mark Kozelek
0005459,Liz Stauber
0266422,Jimmy Fallon
0742911,Olivia Rosewood
0005313,Bijou Phillips
0189600,Alice Marie Crowe
0000334,Chow Yun-Fat
0000706,Michelle Yeoh
0955471,Ziyi Zhang
0151654,Chang Chen
0485950,Sihung Lung
0155607,Pei-Pei Cheng
0508329,Fazeng Li
0304723,Xian Gao
0354016,Yan Hai
0910879,Deming Wang
1276375,Li Li
0399048,Suying Huang
0955363,Jinting Zhang
0946046,Rui Yang
0508441,Kai Li
0271801,Jianhua Feng
0239008,Zhenxi Du
0944623,Cheng Lin Xu
1049634,Lory Cahn
0297161,Kurt Fuchel
1051277,Eva Hayman
1050445,Ursula Rosenfeld
1049451,Lorraine Allard
1051059,Jack Hellman
0781816,Lore Segal
1051188,Robert Sugar
1051262,Hedy Epstein
0938588,Norbert Wollheim
1051211,Nicholas Winton
1049873,Franzi Groszmann
1389569,Alexander Gordon
1051303,Bertha Leverton
1050465,Inge Sadan
1051243,Mariam Cohen
2734539,Mirka Colman
0001876,Catherine Zeta-Jones
0889846,Jacob Vargas
0154530,Andrew Chavez
0005398,Michael Saucedo
0587401,Tomas Milian
0947490,J.R. Yenque
0729256,Emilio Rivera
0642259,Michael O&#x27;Neill
0429196,Russell G. Jones
0381740,Lorene Hetherington
0172304,Eric Collins
0004425,Beau Holden
0821127,Peter Stader
0506699,James Lew
0280267,Jeremy Fitzgerald
0812787,Russell Solberg
0001752,Steven Soderbergh
0000210,Julia Roberts
0109773,David Brisbin
0225767,Dawn Didawick
0735538,Valente Rodriguez
0838081,George Rocky Sullivan
0804361,Pat Skipper
0318678,Jack Gill
0530151,Irene Olga López
0548822,Emily Marks
0548875,Julie Marks
0495358,Scotty Leavenworth
0478810,Gemmenne de la Peña
0004777,Erin Brockovich-Ellis
0055481,Adilah Barnes
0664653,Irina V. Passmoore
0001173,Aaron Eckhart
0005017,Katie Holmes
0461666,Richard Knox
0011038,Jane Adams
0146680,Michael Cavadias
0001796,Richard Thomas
0876138,Alan Tudyk
0342732,George Grizzard
0892540,Bill Velin
0584553,Charis Michelsen
0309650,Yusuf Gatewood
0383923,June Hildreth
0001315,Marcia Gay Harden
0461446,Robert Knott
0716452,Molly Regan
0860681,Sada Thompson
1021585,Eulala Scheel
0697069,Matthew Sussman
0001069,Bud Cort
0704276,Everett Quinton
0348800,Annabelle Gurwitch
0770118,Kenny Scharf
1022523,Tom McGuinness
0908925,Katherine Wallach
0000190,Matthew McConaughey
0000954,Jon Bon Jovi
0470981,Thomas Kretschmann
0916617,Jake Weber
0005276,Jack Noseworthy
0347509,Tom Guiry
0261678,Will Estes
0141333,Terrence &#x27;T.C.&#x27; Carson
0005292,Erik Palladino
0694386,Dave Power
0154934,Derk Cheetwood
0786136,Matthew Settle
0863473,Rebecca Tilney
0209567,Carolyna De Laurentiis
0209568,Dina De Laurentiis
0609236,Jonathan Mostow
0000120,Jim Carrey
0597410,Taylor Momsen
3679189,Kelley
0410347,Bill Irwin
0788340,Molly Shannon
0262924,Josh Ryan Evans
0827565,Mindy Sterling
0934910,Rachel Winfree
0397555,Rance Howard
0397386,Jeremy Howard
0862328,T.J. Thyne
0463226,Lacey Kohl
0684794,Nadja Pionilla
0002350,Jim Meskimen
0197044,Michael Dahlen
0000704,Elijah Wood
0089217,Orlando Bloom
0000293,Sean Bean
0397102,Alan Howard
0032370,Noel Appleby
0000276,Sean Astin
1019674,Sala Baker
0101710,Billy Boyd
0785227,Andy Serkis
0190744,Marton Csokas
1104283,Megan Edwards
1096480,Michael Elsworth
0272527,Mark Ferguson
0001392,Peter Jackson
0153738,Daveigh Chase
0997115,Miyu Irino
0383708,Rumi Hiiragi
0622412,Mari Natsuki
0619822,Takashi Naitô
0768005,Yasuko Sawaguchi
0309107,Tatsuya Gashûin
1126340,Ryunosuke Kamiki
1112144,Yumi Tamai
1126978,Yô Ôizumi
0370632,Koba Hayashi
0436639,Tsunehiko Kamijô
0648777,Takehiko Ono
0837420,Bunta Sugawara
6946829,Shigeru Wakita
1312191,Shirô Saitô
1829293,Michiko Yamamoto
0594503,Hayao Miyazaki
0000124,Jennifer Connelly
0079273,Paul Bettany
0524197,Josh Lucas
0710829,Anthony Rapp
0337020,Jason Gray-Stanford
1055187,Vivien Cardone
0800201,Jillie Simon
0825692,Victor Steinbach
1092540,Tanya Clarke
1091671,Thomas F. Walsh
0233377,Jesse Doran
0144087,Kent Cassella
0000422,John Goodman
0316701,Mary Gibbs
0677037,Bob Peterson
0314870,Daniel Gerson
0839915,Steve Susskind
0682066,Jeff Pidgeon
0085499,Samuel Lord Black
0174581,Gino Conforti
0230032,Pete Docter
0798899,David Silverman
0881279,Lee Unkrich
0000196,Mike Myers
0000139,Cameron Diaz
0001993,Vincent Cassel
0219536,Peter Dennis
0971140,Clive Pearse
0970731,Bobby Block
1844237,Chris Miller
0970606,Cody Cameron
2542558,Michael Galasso
0971017,Christopher Knights
0971239,Simon J. Smith
0970447,Conrad Vernon
0055444,Jacquie Barnbrook
0034398,Guillaume Aretos
0011470,Andrew Adamson
0421776,Vicky Jenson
0229301,Branko Djuric
0084484,Rene Bitorajac
0816297,Filip Sovagovic
0796207,Georges Siatidis
0883542,Serge-Henri Valcke
0470796,Sacha Kremer
0255562,Alain Eloy
0618768,Mustafa Nadarevic
0226699,Bogdan Diklic
0001020,Katrin Cartlidge
0722992,Tanja Ribic
0953823,Branko Zavrsan
0882528,Djuro Utjesanovic
1080028,Mirza Tanovic
0830655,Boro Stjepanovic
1077119,Almir Kurt
1075456,Ratko Ristic
0849786,Danis Tanovic
4984604,Ann Finnell
4983921,Patrick McGuinness
4984168,James Williams
4983091,Michael Glover
4983449,Dwayne Darnell
4984070,Brenton Butler
0994355,Jean-Xavier de Lestrade
0001326,Josh Hartnett
0051509,Eric Bana
0001209,William Fichtner
0001971,Ewen Bremner
0144133,Gabriel Casseus
0167649,Kim Coates
0199215,Hugh Dancy
0344435,Ioan Gruffudd
0389324,Charlie Hofheimer
0387773,Danny Hoch
0005042,Jason Isaacs
0411964,Zeljko Ivanek
0607703,Glenn Morshower
0950867,Harris Yulin
0236564,Dr. Dre
0004879,Snoop Dogg
0004975,Macy Gray
0043662,Charlotte Ayanna
0578949,Eva Mendes
0157915,Nick Chinlund
0004968,Jaime Gomez
0190441,Raymond Cruz
0346595,Noel Gugliemi
0065578,Samantha Esteban
1091912,Richard Browner
0298807,Antoine Fuqua
0000173,Nicole Kidman
0000491,John Leguizamo
0746896,Richard Roxburgh
0567769,Garry McDonald
0464522,Jacek Koman
0974592,Matthew Whittet
0640266,Caroline O&#x27;Connor
0031655,Christine Anu
0413238,Natalie Mendoza
0611677,Lara Mulcahy
0920992,David Wenham
0001541,Kylie Minogue
0005285,Ozzy Osbourne
0649046,Deobia Oparei
0353184,Linal Haft
0525303,Baz Luhrmann
0477810,Juliane Köhler
0632457,Merab Ninidze
0352278,Matthias Habich
0648943,Sidede Onyulo
0475761,Lea Kurka
0248640,Karoline Eckertz
0374568,Gerd Heinz
0772544,Hildegard Schmahl
1090023,Maritta Horwarth
0956862,Regine Zimmermann
0644087,Gabrielle Odinis
0714958,Bettina Redlich
1285442,Julia Leidl
0343743,Mechthild Großmann
1364773,Joel Wajsberg
1364774,Miriam Wajsberg
1087205,Marian Lösch
1363776,Bela Klentze
0512862,Caroline Link
0000202,Ryan Phillippe
0751950,Camilla Rutherford
0001097,Charles Dance
0813893,Geraldine Somerville
0390903,Tom Hollander
0927846,Natasha Wightman
0086865,Claudie Blakley
0289114,Laurence Fox
0285913,Trent Ford
0000410,Stephen Fry
0916997,Ron Webster
0000932,Halle Berry
0801231,Taylor Simpson
1102991,Gabrielle Witcher
0005132,Heath Ledger
1102875,Amber Rules
1101561,Charles Cowan Jr.
1098069,Taylor LaGrange
0080049,Yasiin Bey
1101416,Anthony Bean
0781779,Francine Segal
0566279,John McConnell
0114177,Marcus Lyle Brown
0995906,Milo Addica
1098303,Leah Loftin
1017716,Coronji Calhoun
0004835,Sean &#x27;Diddy&#x27; Combs
0286975,Marc Forster
0095017,Hugh Bonneville
0603073,Angela Morant
0934362,Penelope Wilton
0371225,Siobhan Hayes
0041411,Juliet Aubrey
0049051,Joan Bakewell
0140943,Nancy Carroll
0550994,Kris Marshall
0543429,Tom Mannion
0404332,Derek Hutchinson
0865278,Saira Todd
1097354,Juliet Howland
1094980,Charlotte Arkwright
0264236,Richard Eyre
0000295,Kate Beckinsale
0005406,William Lee Scott
0957643,Greg Zola
0454809,Jaime King
0446070,Catherine Kellner
0004950,Jennifer Garner
0788335,Michael Shannon
0205127,Matthew Davis
0538683,Mako
0297801,John Fujioka
0272173,Colm Feore
0000881,Michael Bay
0045324,John Bach
0112400,Jed Brophy
1275186,Sam Comery
1275727,Calum Gittins
0394126,Bruce Hopkins
1277591,Paris Howe Strewe
0004778,Adrien Brody
0288976,Emilia Fox
0954076,Michal Zebrowski
0832380,Ed Stoppard
0513520,Maureen Lipman
0962577,Jessica Kate Meyer
0713469,Julia Rayner
0611148,Wanja Mues
0789338,Nomi Sharron
0590372,Anthony Milner
0803944,Lucy Skeaping
1281253,Roddy Skeaping
1279616,Ben Harlan
0492458,Thomas Lawinky
0039784,Joachim Paul Assböck
0601619,Michael Moore
0001504,Marilyn Manson
0021201,Salvador Allende
1706807,Mike Bradley
1263216,Arthur A. Busch
0124132,George Bush
0124133,George W. Bush
1286135,Michael Caldwell
1706820,Richard Castaldo
0163863,Dick Clark
0001051,Bill Clinton
1706829,Steve Davis
4405692,Mike Epstein
1706841,Joe Farmer
1711469,Denny Fennell
1289187,Barry Glassner
0282936,Rosario Flores
0194572,Javier Cámara
0334882,Darío Grandinetti
0914455,Leonor Watling
0297443,Mariola Fuentes
0062471,Pina Bausch
1193601,Malou Airaudo
0892669,Caetano Veloso
0959575,Roberto Álvarez
0025745,Elena Anaya
0240318,Lola Dueñas
0273362,Adolfo Fernández
0273383,Ana Fernández
0508249,Loles León
0555093,Fele Martínez
0670077,Helio Pedregal
0388382,Tyler Hoechlin
1005576,Rob Maxey
0014582,Liam Aiken
0000492,Jennifer Jason Leigh
0185819,Daniel Craig
0001354,Ciarán Hinds
1177237,Craig Spidle
0054513,Ian Barford
0242773,Stephen P. Dunn
0877791,Paul Turner
1211533,Kathleen Keane
1210292,Brendan McKinney
0602868,Jackie Moran
1211354,Kieran O&#x27;Hare
1219290,John M. Williams
1211208,Nicolas Cade
0842770,Tilda Swinton
0851610,Jay Tavare
0514342,Litefoot
0932194,Roger Willie
0064769,Jim Beaver
0786806,Cara Seymour
0427964,Doug Jones
0001200,Gary Farmer
0419273,Peter Jason
0411857,Gregory Itzin
0045979,Agnes NaDene Baddoo
1002685,Paul Fortune
0419220,Paul Jasmin
0005069,Spike Jonze
0226820,Stephen Dillane
1296206,George Loftus
1005623,Charley Ramm
1295573,Sophie Wyburd
1203457,Lyndsey Marshal
0060221,Linda Bassett
0183469,Christian Coulson
0191410,Michael Culkin
0000604,John C. Reilly
1046615,Jack Rovello
0830479,Colin Stinton
0197636,Stephen Daldry
0000161,Salma Hayek
0535502,Mía Maestro
0953173,Amelia Zapata
0882364,Alejandro Usigli
0526019,Diego Luna
1298375,Lucia Bravo
0721209,Patricia Reyes Spíndola
0622944,Loló Navarro
0715953,Roger Rees
0555094,Fermín Martínez
0575766,Roberto Medina
0000171,Ashley Judd
1105038,Lila Downs
1301218,Martha Claudia Moreno
0853380,Julie Taymor
0004875,Taye Diggs
0766761,Cliff Saunders
0922035,Dominic West
0247720,Jayne Eastwood
0064098,Bruce Beaton
0687999,Roman Podhora
0809727,Rob Smith
1216312,Sean Wayne Doyle
0066846,Steve Behal
0746881,Robbie Rox
0001451,Queen Latifah
0592874,Susan Misner
0551128,Rob Marshall
0004896,Eminem
0001616,Mekhi Phifer
0428055,Evan Jones
0589077,Omar Benson Miller
1138637,De&#x27;Angelo Wilson
0126021,Eugene Byrd
0543383,Taryn Manning
1365843,Larry Hudson
1146084,Proof
1388468,Mike Bell
1271972,DJ Head
1153175,Chloe Greenfield
1274013,Mary Hannigan
1107001,Anthony Mackie
1273136,G L Strike Sanders
0040012,Ali Astin
1480092,Sadwyn Brophy
0115143,Alistair Browning
1480102,Richard Edge
1480106,Jason Fitch
0000983,Albert Brooks
0001122,Ellen DeGeneres
1071252,Alexander Gould
0004951,Brad Garrett
0740535,Stephen Root
0507852,Vicki Lewis
0710020,Joe Ranft
0004056,Andrew Stanton
0001610,Elizabeth Perkins
1384126,Nicholas Bird
0402032,Barry Humphries
0817748,Bruce Spence
0573726,Robert McNamara
0004242,Fidel Castro
0633271,Richard Nixon
0451979,Nikita Khrushchev
0501144,Curtis LeMay
0001554,Errol Morris
0714159,Harry Reasoner
0934306,Woodrow Wilson
0002536,Emmy Rossum
0001473,Laura Linney
0152430,Kevin Chapman
1468297,Andrew Mackin
0906301,Robert Wahlberg
0641266,Jenny O&#x27;Hara
0231283,John Doman
0100807,Cameron Bowen
1467121,Jason Kelly
1269733,Connor Paolo
0424060,Scarlett Johansson
0267506,Anna Faris
1440108,Akiko Takeshita
1440076,Kazuyoshi Minamimagoe
1440085,Kazuko Shibata
1440090,Take
1440060,Ryuichiro Baba
1440095,Akira Yamaguchi
1440105,Catherine Lambert
1440096,François du Bois
1440072,Tim Leffman
1404231,Gregory Pekar
0020955,Richard Allen
0846329,Diamond Yukai
1155790,Jun Maki
0040174,Nao Asuka
0001068,Sofia Coppola
0195439,James D&#x27;Arcy
0488271,Chris Larkin
1263986,Max Pirkis
1470232,Jack Randall
1263131,Max Benitz
0408846,Lee Ingleby
1476825,Richard Pates
0700059,Robert Pugh
0564500,Richard McCabe
0580270,Ian Mercer
1271649,Tony Dolan
0861915,David Threlfall
0225246,Bryan Dick
0604784,Joseph Morgan
0320721,Rémy Girard
0077715,Dorothée Berryman
1234157,Stéphane Rousseau
0189887,Marie-Josée Croze
0359652,Marina Hands
0871928,Johanne-Marie Tremblay
0193629,Pierre Curzi
0415191,Yves Jacques
0691925,Louise Portal
0584819,Dominique Michel
0086396,Isabelle Blais
0147620,Toni Cecchinato
0520317,Sophie Lorain
0350750,Mitsou
0092238,Markita Boies
0484307,Micheline Lanctôt
0098882,Denis Bouchard
0237103,Sylvie Drapeau
0000780,Denys Arcand
0855564,Lee Tergesen
0179960,Annie Corley
0820660,Marco St. John
0531333,Marc Macaulay
0085952,Rus Blackwell
0912154,Tim Ware
1035580,Stephan Jones
0723365,Brett Rice
1156227,Kaitlin Riley
1523591,Cree Ivey
1317046,Catherine Mangan
1524104,Magdalena Manville
0683113,T. Robert Pigott
0420941,Patty Jenkins
0000179,Jude Law
0040586,Eileen Atkins
0322407,Brendan Gleeson
0000204,Natalie Portman
0935653,Ray Winstone
0402271,Charlie Hunnam
1226421,Jack White
0839486,Ethan Suplee
0540441,Jena Malone
0001828,Melora Walters
0004423,Gerry Robert Byrne
0752876,Thomas Jay Ryan
0749263,Mark Ruffalo
0189144,David Cross
0000379,Kirsten Dunst
1439297,Ryan Whitney
0043743,Debbon Ayer
1552908,Amir Ali Said
1552903,Brian Price
1445789,Paulie Litt
1346160,Josh Flitter
1287000,Lola Daehler
0640055,Deirdre O&#x27;Connell
0327273,Michel Gondry
0059431,Jay Baruchel
1591496,Mike Colter
0726900,Lucia Rijker
0639928,Brían F. O&#x27;Byrne
1641251,Riki Lindhome
0671567,Michael Peña
0553468,Benito Martinez
0534398,Bruce MacVittie
0694656,David Powledge
0195311,Joe D&#x27;Angerio
1483939,Marcus Chait
0565735,Tom McCleister
0335389,Erica Grant
0521861,Dominique Louis
0628599,Teddy Newton
1747568,Eli Fucile
1751233,Maeve Andrews
1714016,Spencer Fox
0738918,Lou Romano
1750699,Wayne Canney
1102970,Sarah Vowell
1520974,Michael Bird
0001615,Elizabeth Peña
0524726,Bud Luckey
0083348,Brad Bird
0000849,Javier Bardem
0749104,Belén Rueda
0729345,Mabel Rivera
0119438,Celso Bugallo
1443814,Clara Segura
0198155,Joan Dalmau
0319850,Alberto Jiménez
0636991,Tamar Novas
0308289,Francesc Garrido
0693493,Josep Maria Pou
1686959,Alberto Amarilla
0643647,Andrea Occhipinti
1853380,Federico Pérez Rey
0273294,Nicolás Fernández Luna
1845486,Raúl Lavisier
0648224,Xosé Manuel Olveira &#x27;Pico&#x27;
1408448,César Cambeiro
0024622,Alejandro Amenábar
0000332,Don Cheadle
0628601,Thandiwe Newton
0037410,Karina Arroyave
0049079,Dato Bakhtadze
0160988,Art Chudabala
0181691,Sean Cory
0001103,Tony Danza
0222643,Loretta Devine
0000369,Matt Dillon
0261170,Jennifer Esposito
1096532,Ime Etuk
0272961,Eddie J. Fernandez
0284567,Howard Fong
0303009,Billy Gallo
0353673,Paul Haggis
0004937,Jamie Foxx
0913488,Kerry Washington
0694066,Clifton Powell
0502015,Harry Lennix
0940158,Bokeem Woodbine
0254712,Aunjanue Ellis-Taylor
1709173,Sharon Warren
1468486,C.J. Sanders
0035664,Curtis Armstrong
0771493,Richard Schiff
0005478,Larenz Tate
0005024,Terrence Howard
0472710,David Krumholtz
0682495,Wendell Pierce
0454584,Chris Thomas King
0126070,Thomas Jefferson Byrd
0327072,Rick Gomez
0593664,Radha Mitchell
0383603,Freddie Highmore
0698789,Joe Prospero
1133783,Nick Roud
1324324,Luke Spill
0001324,Ian Hart
0188871,Mackenzie Crook
1169742,Eileen Essell
0306977,Jimmy Gardner
0289173,Oliver Fox
0055845,Angus Barnett
0429363,Toby Jones
0531069,Kate Maberly
0305558,Gael García Bernal
0209404,Rodrigo de la Serna
0608187,Mercedes Morán
0634120,Jean Pierre Noher
0650364,Lucas Oro
0322741,Marina Glezer
0078229,Sofia Bertolotto
1840222,Franco Solazzi
0246475,Ricardo Díaz Mourelle
0096815,Sergio Boris
0137079,Daniel Kargieman
1722519,Diego Giorzi
0260981,Facundo Espinosa
1724480,Matias Gomez
1724659,Diego Treu
1724665,Ariel Verdun
1722630,Gustavo Mansilla
0758574,Walter Salles
0290556,James Franco
0365281,Rosemary Harris
0614220,Donna Murphy
0319171,Daniel Gillies
0048414,Dylan Baker
0638056,Bill Nunn
1089685,Vanessa Ferlito
0541902,Aasif Mandvi
0001646,Ted Raimi
0006969,Elizabeth Banks
0132257,Bruce Campbell
0248981,Gregg Edelman
0000600,Sam Raimi
0002006,Thomas Haden Church
0000515,Virginia Madsen
0644897,Sandra Oh
0121793,Marylouise Burke
0372961,Jessica Hecht
1671191,Missy Doty
0301370,M.C. Gainey
1130496,Alysia Reiner
1356769,Shake Tukhmanyan
0602170,Shaun Duke
0184381,Robert Covarrubias
0302466,Patrick Gallagher
0547584,Joe Marinelli
1741830,Chris Burroughs
0397648,Toni Howard
1741760,Khoren Babouchian
0668247,Alexander Payne
0396812,Danny Huston
0005461,Gwen Stefani
0004395,Adam Scott
0743671,Matt Ross
0307726,Kelli Garner
0220886,Stanley DeSantis
2100653,Kochi
2099087,Avijit Halder
2092248,Shanti Das
2095158,Manik
2103986,Puja Mukerjee
2100744,Gour
2095060,Suchitra
2099174,Tapasi
2104476,Mamuni
1498640,Zana Briski
2099225,Sunil Halder
1502104,Ross Kauffman
0115161,Emily Browning
1495616,Kara Hoffman
1492999,Shelby Hoffman
0350079,Luis Guzmán
0364807,Jamie Harris
0272401,Craig Ferguson
0177639,Jennifer Coolidge
0147825,Cedric The Entertainer
0003928,Bob Clendenin
0164873,Lenny Clarke
0797869,Brad Silberling
0000702,Reese Witherspoon
0329481,Ginnifer Goodwin
1316767,Dallas Roberts
1677751,Dan John Miller
0046541,Larry Bagby
0528867,Shelby Lynne
1675091,Tyler Hilton
1679203,Waylon Payne
1678944,Shooter Jennings
0480808,Sandra Ellis Lafferty
0066456,Dan Beene
0824138,Clay Steakley
1797640,Johnathan Rice
1737466,John Holiday
1534812,Ridge Canipe
1395771,Lucas Till
0350453,Jake Gyllenhaal
0931329,Michelle Williams
0686502,Valerie Planche
1345143,Dave Trimble
2105612,Victor Reyes
2133230,Lachlan Mackintosh
0716039,Larry Reese
0031359,Marty Antonini
1059824,Tom Carey
2106356,Dan McDougall
1256300,Don Bland
1493646,Steven Cree Molison
0004266,Anne Hathaway
0485731,Duval Lang
1556267,Dean Barrett
1696768,Hannah Stewart
0758608,Peter Sallis
0443153,Peter Kay
0809448,Nicholas Smith
0809131,Liz Smith
0861027,John Thomson
0309693,Mark Gatiss
1081121,Vincent Ebrahim
0568603,Geraldine McEwan
0447040,Edward Kelsey
0039319,Dicken Ashworth
2043666,Robert Horvath
1554403,Pete Atkin
1348403,Noni Lewis
2038317,Ben Whitehead
0265457,Christopher Fairbank
0558450,James Mather
0101508,Steve Box
0661910,Nick Park
0001960,Romane Bohringer
0075650,Charles Berling
0803262,Jules Sitruk
0000821,Amitabh Bachchan
0180580,Jose Coronado
0241694,Sky du Mont
0252473,Gösta Ekman
0278502,Fiorello
0410914,Hikari Ishida
1572542,Adrian Killian
0464945,Marek Kondrat
0517372,Andrea Kathrin Loewig
0584274,Torsten Michaelis
0651534,Takao Osawa
13801357,Maryanne Slavich
0415207,Luc Jacquet
0001838,Rachel Weisz
0468003,Hubert Koundé
1597084,Daniele Harford
2016909,Packson Ngugi
2015182,Damaris Itenyo Agweyu
2007841,Bernard Otieno Oduor
0631490,Bill Nighy
0669312,Keith Pearson
2019170,John Sibi-Okumu
0838910,Donald Sumpter
0659544,Archie Panjabi
0714919,Nick Reding
0574561,Gerard McSorley
2020607,Jacqueline Maribe
2012756,Donald Apiyo
0576987,Fernando Meirelles
0913822,Ken Watanabe
1797214,Suzuka Ohgo
0407033,Togo Igawa
1789162,Samantha Futerman
0839287,Elizabeth Sung
0407463,Thomas Ikeda
0000084,Gong Li
0157796,Tsai Chin
0597390,Kaori Momoi
1494624,Zoe Weizenbaum
2089465,David Okihiro
2089668,Miyako Tachibana
0442843,Kotoko Kawamura
1400085,Karl Yune
1067699,Eugenia Yuan
0004286,Clifton Collins Jr.
0001416,Catherine Keener
1738584,Allie Mickelson
0827274,Kelci Stephenson
0033758,Craig Archibald
1893372,Bronwen Coleman
1409015,Kate Shindle
1477818,David Wilson Barnes
0121119,Michael J. Burg
0024780,Kwesi Ameyaw
2253621,Andrew Farago
1845435,Ken Krotowich
0717395,R.D. Reid
1756103,Rob McLaughlin
0624656,Harry Nelken
0944035,Jon Ted Wynne
0587955,Bennett Miller
0524839,Ludacris
0026364,Anthony Anderson
0378245,Taraji P. Henson
0702809,DJ Qualls
0005294,Paula Jai Parker
0005264,Elise Neal
0005002,Isaac Hayes
1435812,Juicy J
1693597,William Engram
1994194,Bobby Sandimanie
1995373,Haystak
1984512,Claude Phillips
1221782,Josey Scott
0830227,John Still
0612961,Jay Munn
8685869,Michael Hooks Jr.
0108132,Craig Brewer
0915208,Naomi Watts
0085312,Jack Black
0004988,Colin Hanks
0068260,Jamie Bell
0150999,Lobo Chan
0838605,John Sumner
0355440,Craig Hall
0151419,Kyle Chandler
0424592,William Johnson
0352921,Mark Hadlow
0112397,Geraldine Brophy
0219141,David Dennis
0686042,David Pittu
0004522,Pip Mushin
1970113,Presley Chweneyagae
1708171,Mothusi Magano
1987447,Israel Matseke-Zulu
1965907,Terry Pheto
1970380,Kenneth Nkosi
1970636,Zenzo Ngqobe
1969757,Zola
0782648,Rapulana Seiphemo
1474342,Nambitha Mpumlwana
5039948,Nonthuthu Sibisi
2768280,Ntuthuko Sibisi
0595677,Jerry Mofokeng
0731167,Ian Roberts
0559338,Percy Matsemela
0638462,Thembi Nyandeni
0782764,Owen Sejake
2326883,Sindi Khambule
1988373,Benny Moshe
0004303,Gavin Hood
1670137,Georgie Henley
0608440,William Moseley
1342727,Skandar Keynes
0691600,Anna Popplewell
0564215,James McAvoy
0787449,Kiran Shah
0570665,Judy McIntosh
0370411,Elizabeth Hawthorne
0435360,Patrick Kake
1432313,Shane Rangi
2089427,Brandon Cook
2089283,Cassie Cook
2089429,Morris Lupton
1102562,Shelly Edwards
1118304,Susan Haldane
0000123,George Clooney
0001605,Amanda Peet
1315378,Kayvan Novak
0906756,Amr Waked
0942482,Jeffrey Wright
0289343,Robert Foxworth
0378237,Nicky Henson
1357069,Nicholas Art
1756030,Steven Hinkle
0868122,Daisy Tormé
0314253,Peter Gerety
0513201,Richard Lintern
0704474,Jocelyn Quivrin
1502414,Mazhar Munir
1693067,Shahid Ahmed
0300866,Stephen Gaghan
0000242,Mark Wahlberg
0267812,Vera Farmiga
0180984,Kevin Corrigan
0197647,James Badge Dale
0641244,David O&#x27;Hara
0198306,Kristen Dalton
2401565,Thomas B. Duffy
0400879,Richard Hughes
0533323,J.C. MacKenzie
0618057,Ulrich Mühe
0311476,Martina Gedeck
0462407,Sebastian Koch
0876300,Ulrich Tukur
0857998,Thomas Thieme
0061830,Hans-Uwe Bauer
0459087,Volkmar Kleinert
0107495,Matthias Brenner
1554735,Charly Hübner
0460578,Herbert Knaup
0873619,Bastian Trost
0344276,Marie Gruber
1796924,Volker Zack
0246306,Werner Daehn
0104180,Martin Brambach
0367074,Hubertus Hartmann
0036649,Thomas Arnold
1091185,Hinnerk Schönemann
0003697,Florian Henckel von Donnersmarck
1419440,Ivana Baquero
0530365,Sergi López
0029962,Álex Angulo
1254805,Manolo Solo
0879895,César Vea
0142875,Roger Casamajor
1293644,Ivan Massagué
0881891,Gonzalo Uriarte
0529463,Eusebio Lázaro
0896322,Francisco Vidal
1232001,Juanjo Cucalón
0591941,Lina Mira
0957983,Mario Zorrilla
1001005,Sebastián Haro
1085333,Mila Espiga
0868219,Guillermo del Toro
0136797,Steve Carell
1113550,Abigail Breslin
0200452,Paul Dano
0000273,Alan Arkin
1196755,Marc Turtletaub
0848154,Jill Talley
1312332,Brenda Canela
0575339,Julio Oscar Mechoso
0520993,Chuck Loring
0793526,Justin Shilton
0860179,Gordon Thomson
1588622,Steven Christopher Parker
0186505,Bryan Cranston
0906975,John Walcutt
0628420,Paula Newsome
0206760,Jonathan Dayton
0267512,Valerie Faris
0632497,Kazunari Ninomiya
0407296,Tsuyoshi Ihara
1076976,Ryô Kase
1217394,Shidô Nakamura
1073975,Hiroshi Watanabe
2258717,Takumi Bando
1452105,Yuki Matsuzaki
1686317,Takashi Yamaguchi
2011629,Eijiro Ozaki
0951182,Nae
2236666,Nobumasa Sakagami
0248063,Lucas Elliot Eberl
1975888,Sonny Saito
2473584,Steve Santa Sekiyoshi
2473590,Hiro Abe
0012888,Toshiya Agata
2473587,Yoshi Ishii
0000096,Gillian Anderson
0564402,Simon McBurney
0654648,David Oyelowo
2389446,Stephen Rwangyezi
1880270,Abby Mukiibi Nkaaga
0467877,Adam Kotz
2723449,Sam Okelo
2389454,Sarah Nagayi
2722375,Chris Wilson
2571328,Dick Stockley
0113074,Barbara Rafferty
0039200,David Ashton
2722724,Daniel Ssettaba
2389435,Apollo Okwenje Omamo
2389442,Louis Asea
2415554,Mohamed Akhzam
0927835,Peter Wight
0553163,Trevor Martin
2415577,Georges Bousquet
1641171,Claudine Acs
0540585,Michael Maloney
0189720,Dermot Crowley
2415560,Henry Maratray
0112697,Linda Broughton
2548651,Jean Marc Hulot
0610242,Aline Mowat
0327944,Alejandro G. Iñárritu
0461136,Keira Knightley
0202603,Jack Davenport
0034305,Lee Arenberg
0573618,Kevin McNally
0047549,David Bailie
0365140,Naomie Harris
0458514,Martin Klebba
0636156,Alex Norton
1266413,Lauren Maher
0758290,Nej Adamson
0893659,Gore Verbinski
0330722,Al Gore
0921942,Billy West
0346550,Davis Guggenheim
0790688,Michael Sheen
0421105,Alex Jennings
0019885,Roger Allam
0843401,Sylvia Syms
0811629,Robin Soans
0672545,Lola Peploe
0718619,Douglas Reith
0376495,Joyce Henderson
2396864,Amanda Hadingue
0569475,John McGlynn
0639575,Gray O&#x27;Brien
0533845,Dolina MacLennan
2396852,Jake Taylor Shantos
2396862,Dash Barber
0461498,Beyoncé
1617685,Jennifer Hudson
0741242,Anika Noni Rose
0732803,Keith D. Robinson
0495095,Sharon Leal
0061507,Hinton Battle
2260999,Mariah Iman Wilson
0143809,Yvette Cason
0656238,Ken Page
0365216,Ralph Louis Harris
1496365,Michael-Leon Wooley
1024677,John Krasinski
0284273,Alexander Folk
0005403,Jason Schwartzman
0176869,Steve Coogan
2244685,Clara Brajtman
1129627,Mélodie Berenfeld
0000782,Asia Argento
0273797,Sebastian Armesto
0376602,Shirley Henderson
1632403,Al Weaver
0265717,Marianne Faithfull
0003133,Jean-Christophe Bouvet
1972818,Io Bottoms
0167467,Aurore Clément
2072818,Céline Sallette
0413168,Hugh Jackman
0016141,Carlos Alazraqui
0101603,Lombardo Boyar
0305261,Jeffrey Garcia
1146844,Johnny A. Sanchez
0197354,Elizabeth Daily
0196117,Fat Joe
1372025,Alyssa Shafer
1235203,Cesar Flores
0001439,Anthony LaPaglia
0004306,George Miller
0171253,Warren Coleman
0606688,Judy Morris
0000982,Josh Brolin
0000437,Woody Harrelson
0226813,Garret Dillahunt
0179224,Barry Corbin
0003923,Rodger Boyce
0715768,Ana Reeder
0350337,Kit Gwin
0394308,Zach Hopkins
2655195,Chip Love
0031370,Eduardo Antonio Garcia
0428122,Gene Jones
0914223,Myk Watford
2872491,Martin Stringer
2872058,Matthew Braden Stringer
2871845,Jacob Stringer
2872133,Joseph Mussey
2871955,Harrison Taylor
2871847,Stockton Taylor
0006670,Paul F. Tompkins
2827673,Dillon Freasier
0108362,Kevin Breznahan
0838058,Erica Sullivan
0142576,Randall Carver
0500201,Coco Leigh
2871429,Sydney McCallister
0000759,Paul Thomas Anderson
0652663,Patton Oswalt
0812307,Peter Sohn
0000413,Janeane Garofalo
0004715,Will Arnett
2029107,Julius Callahan
0001664,James Remar
0297306,Tony Fucile
0826039,Jake Steinfeld
1102177,Stéphane Roux
2831082,Jack Bird
0684342,Jan Pinkava
1183149,Edgar Ramírez
0000260,Joan Allen
0005466,Julia Stiles
0175916,Paddy Considine
0303132,Tom Gallop
0424819,Corey Johnson
0117709,Daniel Brühl
1438275,Joey Ansah
0292744,Dan Fredenburgh
2089706,Lucy Liemann
2721329,Bryan Reents
1594195,Arkie Reece
2721322,John Roberson
0339030,Paul Greengrass
1519680,Saoirse Ronan
2854564,Ailidh Mackay
0922169,Julia West
1017334,Juno Temple
2328584,Felix von Simson
2335109,Charlie von Simson
0654295,Alfie Allen
1171145,Patrick Kennedy
1212722,Benedict Cumberbatch
2852111,Leander Deeny
1044562,Peter McNeil O&#x27;Connor
0990547,Daniel Mays
1996829,Nonso Anozie
0942504,Joe Wright
0360598,Glen Hansard
2461627,Markéta Irglová
2008013,Hugh Walsh
2478608,Gerard Hendrick
2604944,Alaistair Foley
1142165,Geoff Minogue
1030088,Bill Hodnett
2646441,Danuse Ktrestova
0372241,Darren Healy
0926685,Mal Whyte
0687692,Marcella Plunkett
2442454,Niall Cleary
2644432,Wiltold Owski
2646248,Krzysztos Tlotka
2872883,Tomek Glowacki
2872670,Attila Kouvacs
2643194,Sean Miller
0569859,Pat McGrath
0138809,John Carney
0182839,Marion Cotillard
0856500,Sylvie Testud
0339621,Pascal Greggory
0782561,Emmanuelle Seigner
0746162,Jean-Paul Rouve
0183660,Clotilde Courau
1285144,Jean-Pierre Martins
0021691,Catherine Allégret
0053903,Marc Barbé
0797631,Caroline Silhol
1871357,Manon Chevallier
2519287,Pauline Burlet
0173868,Élisabeth Commelin
2518260,Marc Gannot
2515017,Caroline Raynaud
0214892,Marie-Armelle Deguy
0603443,Valérie Moreau
0196860,Olivier Dahan
0548686,Karl Markovics
0225944,August Diehl
0834479,Devid Striesow
0957178,August Zirner
0836748,Veit Stübner
0773308,Sebastian Urzendowsky
0772805,Andreas Schmidt
0699596,Tilo Prückner
0473814,Lenn Kudrjawizki
3108728,Marian Kalus
2870112,Norman Stoffregen
0711983,Bernd Raucamp
0070854,Gode Benedix
2864857,Oliver Kanter
3362313,Hans Peter Kortenbruck
1699056,Dirk Prinz
2870923,Hille Beseler
0752328,Stefan Ruzowitzky
0316795,Alex Gibney
1965007,Brian Keith Allen
2546181,Moazzam Begg
3254802,Christopher Beiring
2817089,Willie Brand
0128417,Jack Cafferty
3255930,Brian Cammack
3254621,William Cassara
3238610,Doug Cassel
0155515,Dick Cheney
1527438,Jack Cloonan
2824662,Damien Corsetti
2835526,Thomas Curtis
1955608,Greg D&#x27;Agostino
6448843,Ken Davis
1922370,Lynndie England
1837965,Tommy Franks
0680983,Elliot Page
0148418,Michael Cera
0000867,Jason Bateman
1880888,Olivia Thirlby
0669826,Eileen Pedde
0933988,Rainn Wilson
0163818,Daniel Clark
1754396,Darla Fay
1900026,Aman Johal
1197845,Valerie Tian
0673932,Emily Perkins
0212508,Kaaren de Zilva
2127038,Candice King
2634536,Sierra Pitkin
0718646,Jason Reitman
0056187,Sacha Baron Cohen
2570429,Jamie Campbell Bower
2267011,Laura Michelle Kelly
2479184,Jayne Wisener
2596827,Ed Sanders
2744982,Gracie May Weldon
2745164,Ava May
2862459,Gabriella Freeman
1561546,Jody Halse
0660919,Aron Paramor
0926101,Lee Whitlock
0369816,Nick Haverson
1546118,Mandy Holliday
0383360,Colin Higgins
0001574,Michael O&#x27;Keefe
2796342,Danielle Skraastad
2796336,Wai Chan
0890651,Alberto Vazquez
0002718,Brian Koppelman
0565336,Tom McCarthy
0641354,Denis O&#x27;Hare
0925033,Julie White
2046862,Austin Williams
0886700,Jennifer Van Dyck
0939703,Frank Wood
1002725,Richard Hecht
0713209,Bill Raymond
0907897,Jonathan Walker
0006904,Tony Gilroy
0654110,Clive Owen
0003244,Jordi Mollà
2796543,Aimee King
0528462,Susan Lynch
2796540,Elise McCave
0608090,Samantha Morton
0180411,Abbie Cornish
1224410,Penelope McGhie
0406975,Rhys Ifans
1519666,Eddie Redmayne
2035734,Stuart McLoughlin
0769083,Adrian Scarborough
1853407,Robert Styles
0396908,William Houston
2301950,Dakota Blue Richards
2036501,Ben Walker
1200692,Eva Green
0141697,Jim Carter
0211767,Edward de Souza
0791790,Jack Shepherd
0919363,Chris Weitz
0350454,Maggie Gyllenhaal
1010931,Monique Gabriela Curnen
0614165,Cillian Murphy
1977856,Chin Han
0004801,Nestor Carbonell
0000616,Eric Roberts
0182662,Ritchie Coster
0001309,Anthony Michael Hall
0568801,Colin McFarlane
0367176,Joshua Harto
0634240,Christopher Nolan
0123785,Ben Burtt
2264184,Elissa Knight
0307531,Jeff Garlin
0929609,Fred Willard
3050831,MacInTalk
3127758,Karleen Griffin
0465777,Kim Kopf
2805755,Niki McElroy
1702764,Garrett Palmer
1751461,Lori Richardson
2048806,Jessica Skelton
2683881,Kai Steel Smith
9182208,Michael Toy
2353862,Dev Patel
2951768,Freida Pinto
0795661,Saurabh Shukla
0438463,Anil Kapoor
0958861,Raj Zutshi
1261643,Jeneva Talwar
0451234,Irrfan Khan
3193259,Azharuddin Mohammed Ismail
3193597,Ayush Mahesh Khedekar
3193847,Jira Banjara
3193299,Sheikh Wali
0542498,Mahesh Manjrekar
3193736,Sanchita Choudhary
3193370,Himanshu Tyagi
3192510,Sharib Hashmi
3193454,Virendra Chatterjee
3568654,Feroze Khan
2177665,Sunil Kumar Agrawal
0000965,Danny Boyle
0849164,Loveleen Tandan
0609403,Masahiro Motoki
0386414,Ryôko Hirosue
0945734,Tsutomu Yamazaki
0949097,Kazuko Yoshiyuki
0948263,Kimiko Yo
0765844,Takashi Sasano
0837501,Tetta Sugimoto
0591111,Tôru Minegishi
0945275,Tatsuo Yamada
0846182,Yukari Tachibana
0410937,Tarô Ishida
2129793,Sanae Miyata
2515334,Ryôsuke Ôtani
3487733,Mitsuyo Hoshino
3506980,Tatsuhito Okuda
3183669,Akemi Fuji
2911455,Miyako Hattori
3602981,Mari Hayashida
0847690,Yôjirô Takita
0150330,Faune Chambers Watkins
0000480,Elias Koteas
1251245,Donna Duplantier
2164690,Jacob Tolano
1767280,Earl Maddox
0582726,Ed Metzger
0899087,Danny Vinson
0003861,David Jensen
1376366,Joeanna Sayler
0991810,Mahershala Ali
0354902,Fiona Hale
0639403,Patrick Thomas O&#x27;Brien
0000399,David Fincher
0677597,Philippe Petit
3072750,Jean François Heckel
3072759,Jean-Louis Blondeau
3072764,Annie Allix
0286337,David Forman
3072758,Alan Welner
3412749,Mark Lewis
3072748,Barry Greenhouse
0601363,Jim Moore
3024319,Guy F. Tozzoli
2351788,Paul McGill
2890954,David Demato
2890545,Ardis Campbell
2891674,Aaron Haskell
2359747,Shawn Dempewolff-Barrett
0290897,David Roland Frank
3223378,Megan Delay
2654949,Laurence Gates
1016428,James Marsh
0004486,Bruno Ganz
0354198,Jeanette Hain
1269088,David Kross
0521443,Susanne Lothar
3048027,Alissa Wilms
1921479,Florian Bartholomäi
2337337,Friederike Becht
0893458,Frieder Venus
0282302,Marie-Anne Fliegel
0036774,Hendrik Arnst
0783397,Rainer Sellien
2185299,Moritz Grove
0866407,Joachim Tomaschewsky
0679967,Barbara Philipp
0719637,Jeremy Renner
1310016,Brian Geraghty
0001556,David Morse
1431940,Evangeline Lilly
0131235,Christian Camargo
2778904,Suhail Dabbach
3441508,Christopher Sayegh
3443737,Nabil Koni
0819874,Sam Spruell
0714866,Sam Redford
3443699,Feisal Sadoun
3442056,Barrie Rice
3442035,Imad Dadudi
2360944,Erin Gann
1158571,Justin Campbell
0000941,Kathryn Bigelow
0386472,Emile Hirsch
0683467,Alison Pill
0189200,Joseph Cross
0818880,Stephen Spinella
1727317,Lucas Grabeel
0101625,Brandon Boyce
0742651,Howard Rosenman
0950515,Kelvin Yu
1385823,Jeff Koons
0731617,Ted Jan Roberts
2933542,Boyd Holbrook
0732631,Frank M. Robinson
0356017,Rebecca Hall
0919525,Christopher Evan Welch
0582149,Chris Messina
0673768,Julio Perillán
3093437,Juan Quesada
3093354,Ricard Salom
0814400,Maurice Sonnenberg
0053965,Manel Barceló
0231713,Josep Maria Domènech
3093350,Emilio de Benito
1616996,Jaume Montané
0069660,Lloll Bertran
0423307,Joel Joan
0754540,Sílvia Sabaté
1002641,Dominic Cooper
0001648,Charlotte Rampling
2017943,Hayley Atwell
1264521,Aidan McArdle
0677944,Alistair Petrie
0575974,Michael Medwin
1517523,Justin Edwards
2842144,Calvin Dean
1488442,Hannah Stokely
0035560,Andrew Armour
2081856,Emily Jewell
1377178,Bruce Mackinnon
1314116,Saul Dibb
1208167,Diane Kruger
0744834,Eli Roth
0491259,Mélanie Laurent
0910607,Christoph Waltz
1055413,Michael Fassbender
0001709,Til Schweiger
0121972,Gedeon Burkhard
1784515,Jacky Ido
1145983,B.J. Novak
2374829,Omar Doom
1616970,Denis Ménochet
0343857,Sylvester Groth
0943487,Martin Wuttke
0237838,Julie Dreyfus
0639337,Richard O&#x27;Barry
2694309,Louie Psihoyos
0428194,Hardy Jones
4500133,Michael Illiff
4219080,Joji Morishita
4499446,Ian Campbell
1059922,Paul Watson
4499339,Doug DeMaster
1665389,Dave Rastovich
3174809,Charles Hambleton
2035850,Hayato Sakurai
4499968,Kazutaka Sangen
3479566,Simon Hutchins
3453367,Joe Chisholm
2536372,Mandy-Rae Cruikshank
2595781,Kirk Krack
0668419,Roger Payne
3935329,Hideki Moronuki
0000799,Edward Asner
2973712,Jordan Nagai
0710019,Jerome Ranft
0443286,David Kaye
3423667,Elie Docter
3422941,Jeremy Leary
0569680,Mickie McGowan
0363641,Jess Harnell
2155757,Josh Cooley
0028764,Mark Andrews
0201857,Ricardo Darín
0897845,Soledad Villamil
0706567,Pablo Rago
3587952,Carla Quevedo
1024390,Javier Godino
3588006,Bárbara Palladino
3587916,Rudy Romano
3596017,Alejandro Abelenda
0016039,Mario Alarcón
0289856,Guillermo Francella
3587933,Sebastián Blanco
1747313,Mariano Argento
0320227,José Luis Gioia
3596027,Juan José Ortíz
3587918,Kiko Cerone
0661097,Fernando Pardo
1142911,Maximiliano Trento
3797369,Sergio Santana
0002728,Juan José Campanella
1517976,Chris Pine
0704270,Zachary Quinto
0670408,Simon Pegg
0000559,Leonard Nimoy
0339304,Bruce Greenwood
0881631,Karl Urban
0757855,Zoe Saldana
0947338,Anton Yelchin
1165110,Chris Hemsworth
0607185,Jennifer Morrison
0629697,Rachel Nichols
0846687,Faran Tahir
2185557,Tony Elias
0009190,J.J. Abrams
0941777,Sam Worthington
0735442,Michelle Rodriguez
0002332,Stephen Lang
0601376,Joel David Moore
0022306,Laz Alonso
2438307,Dileep Rao
0313902,Matt Gerald
1616211,Sean Anthony Moran
0926677,Jason Whyte
0493013,Scott Lawrence
3712801,Kelly Kilgour
1827420,James Patrick Pitt
0614702,Sean Patrick Murphy
2466842,Quinton Aaron
0005210,Tim McGraw
2052567,Jae Head
0225332,Kim Dickens
0502180,Adriane Lenox
0245696,Catherine Dyer
0637441,Tom Nowicki
0926483,Libby Whittemore
3676165,Brian Hollan
3570596,Melody Weintraub
2759438,Sharon Conley
0234174,Omar J. Dorsey
2368449,Paul Amadi
0359387,John Lee Hancock
2829737,Gabourey Sidibe
0594898,Mo&#x27;Nique
1745736,Paula Patton
0001014,Mariah Carey
0791868,Sherri Shepherd
0005107,Lenny Kravitz
2837910,Stephanie Andujar
1822939,Chyna Layne
2753926,Amina Robinson
2837872,Xosha Roquemore
2323845,Angelic Zambrana
1855902,Aunt Dot
0330477,Nealla Gordon
2984460,Grace Hightower
2833986,Barret Helms
0751274,Kimberly Russell
0756083,Bill Sage
3123667,Susan Taylor
0200005,Lee Daniels
1289434,Emily Blunt
1670029,Rupert Friend
0835016,Mark Strong
0159802,Jesper Christensen
0401264,Michiel Huisman
0642444,Genevieve O&#x27;Reilly
0830556,Rachael Stirling
1410360,Morven Christie
1086981,Josef Altin
1623508,Tom Brooke
0885249,Jean-Marc Vallée
0268199,Colin Farrell
2485687,Anna Felix
0101005,Tom Bower
1123709,Ryan Bingham
1833916,Debrianna Mansini
3269381,Jerry Handy
3711886,Jack Nation
1758558,Ryil Adamson
0646511,J. Michael Oliva
0544391,David Manzanares
1080822,Chad Brummett
2045365,Jose Jacinto Marquez
0178376,Scott Cooper
0330687,Joseph Gordon-Levitt
0362766,Tom Hardy
2581730,Tai-Li Lee
3637500,Claire Geare
3960408,Magnus Nolan
2855622,Taylor Geare
3638213,Johnathan Geare
0556070,Tohoru Masamune
0364680,Estelle Harris
3432684,Emily Ricks Hahn
0163703,Blake Clark
2356963,Bea Miller
1482048,Javier Fernández-Peña
4968464,Gylfi Zoega
1674617,Andri Snær Magnason
4227570,Sigridur Benediktsdottir
1352862,Paul Volcker
1234492,Dominique Strauss-Kahn
2048803,George Soros
1204889,Barney Frank
4968475,David McCormick
4017995,Scott Talbott
4968426,Andrew Sheng
4389676,Lee Hsien Loong
1756660,Christine Lagarde
3842799,Gillian Tett
3665505,Nouriel Roubini
4619848,R. Glenn Hubbard
2075186,Eliot Spitzer
4969658,Samuel Hayes
2480587,Charles Ferguson
0005109,Mila Kunis
1018521,Benjamin Millepied
0989959,Ksenia Solo
0002936,Kristina Anapau
2857778,Janet Montgomery
1659221,Sebastian Stan
1738172,Toby Hemingway
4188838,Sergio Torrado
0546797,Mark Margolis
0806022,Tina Sloan
0036920,Abraham Aronofsky
0036921,Charlotte Aronofsky
0641156,Shaun O&#x27;Hagan
0004716,Darren Aronofsky
0691928,Robert Portal
0228960,Richard Dixon
0874442,Paul Trussell
0369854,Andrew Havill
1084394,Charles Armstrong
0358772,Roger Hammond
0000383,Jennifer Ehle
3038224,Dominic Applewhite
4084628,Ben Wimsett
3805735,Freya Wilson
2753625,Ramona Marquez
0051394,David Bamber
0393799,Tom Hooper
0251986,Jesse Eisenberg
1940449,Andrew Garfield
0005493,Justin Timberlake
1913734,Rooney Mara
3728884,Bryan Barter
2951481,Dustin Fitzsimons
2557308,Patrick Mapel
1114723,Toby Meuli
4087600,Alecia Svensen
4088378,Jami Owen
1498872,James Dastoli
1498874,Robert Dastoli
2590079,Scotty Crowe
1879820,Jayk Gallagher
1719288,Marcella Lentz-Pope
0942901,Trevor Wright
0515225,Barry Livingston
0010736,Amy Adams
0502425,Melissa Leo
3923953,Mickey O&#x27;Keefe
0569079,Jack McGee
3578998,Melissa McMeekin
0049099,Bianca Hunter
3599667,Erica McDermott
2796810,Jill Quigg
0852256,Dendrie Taylor
4136034,Kate B. O&#x27;Brien
0483520,Jenna Lamia
0719982,Frank Renzulli
4209848,Paul Campbell
3589472,Caitlin Dwyer
3617800,Chanty Sok
0033827,Ted Arcidi
0751102,David O. Russell
0675409,Mikael Persbrandt
0245988,Trine Dyrholm
3719076,Markus Rygaard
0426435,Wil Johnson
2678507,Eddy Kimani
4362628,Emily Mulaya
4051202,Gabriel Muli
4050746,June Waweru
4362679,Mary Ndoku Mbai
4362623,Dynah Bereket
3724099,William Jøhnk Nielsen
0860947,Ulrich Thomsen
0824853,Elsebeth Steentoft
2775942,Satu Mikkelinen
2880345,Camilla Gottlieb
3611324,Simon Maagaard Holm
4050338,Emil Nicolai Helms
0117937,Martin Buch
0081540,Susanne Bier
0899681,Goran Visnjic
0502097,Kai Lennox
0005081,Mary Page Keller
3439694,Keegan Boos
0005415,China Shavers
2878390,Melissa Tang
3170406,Amanda Payton
3298119,Luke Diliberto
1086384,Lou Taylor Pucci
2262926,Bambadjan Bamba
2765457,Hana Hwang
4478713,Samuel T. Ritter
1107247,Jennifer Lauren
3719463,Reynaldo Pacheco
0519023,Jodi Long
0590122,Mike Mills
1985859,Mia Wasikowska
0524240,Matt Lucas
0934774,Barbara Windsor
0925768,Paul Whitehouse
0683116,Tim Pigott-Smith
0839682,John Surman
3812579,Peter Mattinson
0242026,Lindsay Duncan
0581163,Simon Merrells
2247629,Gemma Whelan
3785649,Mario Marin-Borquez
2633535,Asa Butterfield
0176293,Cristina Contes
0769328,Malcolm Scates
0206530,Nicholas Day
0188788,Michael Cronin
0827664,David Sterne
0296563,Roger Frost
0228964,Rob Dixon
0751085,Clive Russell
3217757,Oliver Adams
0002653,Joe Johnston
1818216,Payman Maadi
0368689,Leila Hatami
4299147,Sareh Bayat
1486911,Shahab Hosseini
4299072,Sarina Farhadi
0439307,Babak Karimi
4297889,Ali-Asghar Shahbazi
4297610,Kimia Hosseini
4159861,Shirin Yazdanbakhsh
0953423,Merila Zare&#x27;i
4723261,Mohammadhasan Asghari
4723252,Shirin Azimiyannezhad
4723367,Hamid Dadju
4715520,Mohammad Ebrahimian
3816117,Samad Farhang
4723068,Ali Fattahi
4724061,Nafise Ghodrati
4724081,Roya Hosseini
1410815,Asghar Farhadi
0205626,Viola Davis
1297015,Emma Stone
0818055,Octavia Spencer
0397171,Bryce Dallas Howard
1567113,Jessica Chastain
1501738,Ahna O&#x27;Reilly
2319871,Anna Camp
4554932,Eleanor Henry
4554786,Emma Henry
1645313,Christopher Lowell
0001807,Cicely Tyson
1036181,Mike Vogel
0450116,Brian Kerwin
1434871,Wes Chatham
4094352,Ted Welch
0853238,Tate Taylor
0241121,Jean Dujardin
0067367,Bérénice Bejo
0000542,Penelope Ann Miller
0701512,Missi Pyle
0615063,Joel Murray
1128780,Elizabeth Tulloch
0205772,Ken Davitian
0000532,Malcolm McDowell
0265067,Bill Fagerbakke
0797151,Nina Siemaszko
0579116,Stephen Mendillo
3317474,Dash Pomerantz
3068259,Beau Nelson
0371890,Michel Hazanavicius
0905691,Yorick van Wageningen
0000613,Joely Richardson
0294746,Ulf Friberg
0138061,Bengt C.W. Carlsson
0915453,Tony Way
0617098,Per Myrberg
4739140,Josefin Asplund
0295967,Eva Fritjofson
4129330,Moa Garpendal
4708927,Bill Courtney
4709068,O.C. Brown
4709205,Montrail &#x27;Money&#x27; Brown
4709342,Chavis Daniels
7590090,Jeff Germany
2418675,Daniel Lindsay
1390562,T.J. Martin
0005562,Owen Wilson
1046097,Rachel McAdams
0298281,Kurt Fuller
3616206,Nina Arianda
0116257,Carla Bruni
0359331,Thierry Hancisse
0332267,Guillaume Gouix
1109153,Audrey Fleurot
0174302,Marie-Sohna Condé
1934325,Yves Heck
1089991,Tom Hiddleston
1339841,Sonia Rolland
1015684,Corey Stoll
1631269,Chloë Grace Moretz
0567031,Helen McCrory
0836121,Michael Stuhlbarg
0209428,Frances de la Tour
0253126,Kevin Eldon
3164335,Gulliver McGrath
4012498,Shaun Aylward
3007560,Emil Lager
0455511,Edmund Kingsley
0940362,Shailene Woodley
3837786,Amara Miller
1975228,Nick Krause
2060047,Patricia Hastie
4755981,Grace A. Cruz
4714847,Kim Gennaula
4019966,Karen Kuioka Hironaga
4755789,Carmen Kaichi
2655611,Kaui Hart Hemmings
0179275,Matt Corboy
4269171,Matt Esecson
0648920,Michael Ontkean
4755923,Stanton Johnston
4731673,Jon McManus
4755849,Hugh Foster
4755982,Tiare R. Finney
0279545,Isla Fisher
0648249,Timothy Olyphant
0000718,Ian Abercrombie
0083655,Gil Birmingham
0126096,James Ward Byrkit
0085227,Claudia Black
0182824,John Cothran
0004858,Patrika Darbo
0215602,George DelHoyo
0781981,Jason Segel
0429069,Rashida Jones
0926209,Steve Whitmire
1129383,Eric Jacobson
0324397,Dave Goelz
0057321,Bill Barretta
0748843,David Rudman
0900934,Matt Vogel
0513285,Peter Linz
0302108,Zach Galifianakis
0421822,Ken Jeong
1433588,Jim Parsons
0672539,Eddie Pepitone
1102891,Kristen Schaal
0090386,James Bobin
0114742,Susan Brown
1927126,Alice da Cunha
3564817,Phoebe Waller-Bridge
0322513,Iain Glen
3789989,Alexandra Roach
4788032,Victoria Bewick
1076390,Emma Dewhurst
1469236,Olivia Colman
0516003,Harry Lloyd
0494649,Sylvestra Le Touzel
1279787,Stephanie Jacob
0740500,Amanda Root
1630273,Phyllida Lloyd
0324658,Walton Goggins
0824741,David Steen
4158239,Dana Gourrier
0732945,Nichole Galicia
0147312,Laura Cayouette
1017951,Ato Essandoh
0745353,Sammi Rotibi
0285047,Clay Donahue Fontenot
2931166,Escalante Lundy
4134721,Miriam F. Glover
0000467,Don Johnson
4582541,Rodriguez
5220239,Stephen &#x27;Sugar&#x27; Segerman
0168977,Dennis Coffey
0857488,Mike Theodore
5314827,Dan DiMaggio
5337833,Jerome Ferretti
0746743,Steve Rowland
5337830,Willem Möller
3402058,Craig Bartholomew Strydom
5337756,Ilse Assmann
5337808,Steve M. Harris
4121086,Robbie Mann
0042782,Clarence Avant
5209936,Eva Rodriguez
5209769,Regan Rodriguez
5209903,Sandra Rodriguez-Kennedy
5337818,Rick Emmerson
2806316,Rian Malan
0070594,Malik Bendjelloul
4139037,Suraj Sharma
1300009,Adil Hussain
0007102,Tabu
4853568,Ayush Tandon
5306953,Gautam Belur
5290022,Ayaan Khan
5370515,Mohd. Abbas Khaleeli
5177448,Vibish Sivakumar
1245863,Rafe Spall
0756839,James Saito
2324802,Jun Naito
0224331,Andrea Di Stefano
5183595,Shravanthi Sainath
5371066,Elie Alouf
5370170,Padmini Ramachandran
3605032,T.M. Karthik Srinivasan
0728938,Emmanuelle Riva
0001376,Isabelle Huppert
1225096,Alexandre Tharaud
1468516,William Shimell
0013741,Ramón Agirre
0087324,Rita Blanco
0290420,Carole Franck
0238506,Dinara Drukarova
0135084,Laurent Capelluto
1046196,Jean-Michel Monroc
2929563,Suzanne Schmidt
1114325,Damien Jouillerot
0012715,Walid Afkir
0359734,Michael Haneke
2966102,Bérénice Marlohe
0924210,Ben Whishaw
1239499,Rory Kinnear
0635262,Ola Rapace
0940245,Nicholas Woodeson
1148026,Bill Buckhurst
1081097,Elize du Toit
1947068,Ian Bonar
0590342,Gordon Milne
3462529,Peter Basham
2102207,Ben Loyd-Holmes
0177896,Bradley Cooper
2225369,Jennifer Lawrence
0915865,Jacki Weaver
0000676,Chris Tucker
0451600,Anupam Kher
0651159,John Ortiz
0924154,Shea Whigham
0005231,Dash Mihok
0751330,Matthew Russell
4183081,Cheryl Williams
0567370,Patrick McDade
1538239,Brea Bee
3151361,Mary Regency Boies
4585077,Phillip Chorba
0493356,Anthony Lawton
0004883,Tate Donovan
1058940,Scoot McNairy
0168262,Rory Cochrane
1706832,Christopher Denham
2628935,Kerry Bishé
0920038,Titus Welliver
0454236,Richard Kind
1086543,Amanda Seyfried
3117836,Aaron Tveit
2885819,Samantha Barks
4948519,Daniel Huttlestone
0180470,Cavin Cornwall
3641075,Dave Hawley
5391416,Adam Jones
5390145,John Barr
0737575,Tony Rohr
0065874,Andy Beckwith
0249291,Joel Edgerton
0695435,Chris Pratt
0164809,Jason Clarke
3024530,Reda Kateb
0674782,Harold Perrineau
0834989,Jeremy Strong
2849874,J.J. Kandel
4594320,Wahab Sheikh
0992562,Alexander Karim
1029263,Nabil Elouahabi
3043480,Aymen Hamdouchi
0008787,Simon Abkarian
3545569,Ali Marhyar
4554036,Parker Sawyers
0000652,James Spader
0370035,John Hawkes
0625789,Tim Blake Nelson
0364813,Jared Harris
1195855,Lee Pace
0574513,Peter McRobbie
0005349,Gloria Reuben
0910278,Julie Walters
0001059,Robbie Coltrane
0571727,Kevin McKidd
0455435,Sally Kinghorn
0292115,Eilidh Fraser
5104064,Peigi Barker
2189243,Steven Cree
0700760,Steve Purcell
1625656,Callum O&#x27;Neill
0236462,Patrick Doyle
1093951,Aaron Taylor-Johnson
0532193,Matthew Macfadyen
0533847,Eric MacLennan
5352795,Theo Morrissey
5352813,Cecily Morrissey
5353221,Freya Galpin
5352610,Octavia Morrissey
5353228,Beatrice Morrissey
5353306,Marine Battier
4706554,Guro Nagelhus Schia
4752015,Aruhan Galieva
1339007,Carl Grose
2171206,Bryan Hands
5135850,Oskar McNamara
0627639,Luke Newberry
0252230,Chiwetel Ejiofor
0931324,Michael Kenneth Williams
4833412,Dwight Henry
6003176,Dickie Gravois
0061262,Bryan Batt
1788122,Ashley Dyke
0779427,Kelsey Scott
4832920,Quvenzhané Wallis
5244012,Cameron Zeigler
1591232,Tony Bentley
0453115,Taran Killam
0077512,Christopher Berry
0131966,Bill Camp
6003177,Mister Mackey Jr.
1663252,Chris Chalk
2588606,Steve McQueen
1842419,Lynn Adrianna Freedman
0686014,Lisa Renee Pitts
2415610,Gabe Gomez
2995162,Artt Butler
6130314,May Lindstrom
0352778,Bill Hader
1325419,Kristen Wiig
0424647,Brian Johnson
0504762,Matt Letscher
1312575,Olivia Wilde
6130315,David Azar
6130316,Guy Lewis
0001872,Steve Zahn
0710271,Kevin Rankin
0878807,Deneen Tyler
0263625,JD Evermore
3182681,Ian Casselberry
5457886,Noelle Wilcox
4348361,Bradford Cox
2580719,Rick Espaillat
1005663,Lawrence Turner
4504565,Lucius Falick
1241511,Orto Ignatiussen
2060857,Phaldut Sharma
1741430,Amy Warren
3390180,Basher Savage
0190859,Alfonso Cuarón
0785842,Toni Servillo
0893872,Carlo Verdone
0272677,Sabrina Ferilli
0117911,Carlo Buccirosso
0287156,Iaia Forte
0898408,Pamela Villoresi
0710520,Galatea Ranzi
0337215,Franco Graziosi
0664671,Giorgio Pasotti
0691316,Massimo Popolizio
0315172,Sonia Gessner
3269760,Anna Della Rosa
2143950,Luca Marinelli
0000423,Serena Grandi
0290432,Ivan Franek
0134491,Dario Cantarelli
1133014,Pasquale Petrolo
0815204,Paolo Sorrentino
0068338,Kristen Bell
0579953,Idina Menzel
2676147,Jonathan Groff
1265802,Josh Gad
2949014,Santino Fontana
0930261,Chris Williams
0027459,Stephen J. Anderson
6104921,Maia Wilson
0683986,Robert Pine
0005606,Maurice LaMarche
5597831,Livvy Stubenrauch
4181314,Eva Bella
1866326,Spencer Lacey Ganus
0546122,Jeffrey Marcus
1601644,Jennifer Lee
0474492,Agata Kulesza
5531398,Agata Trzebuchowska
4221607,Dawid Ogrodnik
0871827,Jerzy Trela
1167938,Adam Szyszkowski
0804518,Halina Skoczynska
2251846,Joanna Kulig
4002803,Dorota Kuduk
6322241,Natalia Lange
6322242,Afrodyta Weselak
0416062,Mariusz Jakus
1338684,Izabela Dabrowska
2267962,Artur Janusiak
0344849,Anna Grzeszczak
1579355,Jan Wojciech Poradowski
0844368,Konstanty Szwemberg
0120893,Pawel Burczyk
3471858,Artur Majewski
0667734,Pawel Pawlikowski
0522306,Darlene Love
0165749,Merry Clayton
1423952,Lisa Fischer
3528523,Judith Hill
0004693,Lou Adler
3646228,Stephanie &#x27;Stevvi&#x27; Alexander
0004720,Patti Austin
0098660,Chris Botti
0101940,Todd Boyd
0157552,Carole Childs
5861818,Amy Christian
3973533,Greg Clark
6141977,Kyliyah Clayton
5861819,Susan Collins
0189338,Charlotte Crossley
0002028,Sheryl Crow
3044163,Chris Darrow
2059375,Paul Epworth
1365879,Morgan Neville
1020089,Sally Hawkins
0137516,Joy Carlin
0176384,Richard Conti
1973610,Glen Caspillo
2253071,Charlie Tahan
2905454,Annie McNamara
3535849,Daniel Jenks
5228381,Max Rutherford
0001048,Andrew Dice Clay
0087109,Tammy Blanchard
0867240,Kathy Tong
0627224,Ted Neustadt
5809216,Andrew Long
6144249,Laurena Allan
0087373,John Harrington Bland
1659547,Carey Mulligan
2179281,Lisa Adam
3801004,Frank Aldridge
0001950,Steve Bisley
0141885,Richard Carter
2564938,Adelaide Clemens
0173194,Vince Colosimo
0191504,Max Cullen
0206495,Mal Day
4456120,Elizabeth Debicki
5649639,Emmanuel Ekwensi
1861414,Eden Falk
3237775,Mackenzie Foy
3154303,Timothée Chalamet
2180792,Collette Wolfe
0565133,Francis X. McCarthy
0095960,Andrew Borba
0001137,William Devane
1408543,David Gyasi
1577637,Josh Stewart
1886602,Miles Teller
2552034,Melissa Benoist
3271473,Austin Stowell
4336119,Nate Lang
0611889,Chris Mulkey
0348515,Damon Gupton
0819320,Suanne Spoke
1045739,Max Kasch
5826958,Charlie Ian
2172460,Jayson Blair
2492243,Kofi Siriboe
1276956,Kavita Patil
4392192,C.J. Vana
0523061,Tarik Lowe
4903282,Tyler Kimball
1117946,Rogelio Douglas Jr.
3227090,Damien Chazelle
0023832,Mathieu Amalric
0001570,Edward Norton
2244205,Léa Seydoux
1727825,Tony Revolori
0027572,Wes Anderson
0328828,Matthew Goode
1395602,Allen Leech
0063914,Matthew Beard
3485153,James Northcote
0329259,Tom Goodman-Hill
2802899,Ilan Goodman
0850526,Jack Tarlton
3867299,Alex Lawther
1827142,Jack Bannon
3095562,Tuppence Middleton
6017945,Dominic Charman
5627980,James G. Nunn
0878763,Morten Tyldum
5722984,Edward Snowden
3390925,Glenn Greenwald
5015568,William Binney
3335834,Jacob Appelbaum
6553741,Ewen MacAskill
1568139,Jeremy Scahill
7091774,M. Margaret McKeown
2580158,Kevin Bankston
7091775,Harry Pregerson
7091776,H. Thomas Byron
7091777,Michael Daly Hawkins
7091778,Jonathan Man
6863136,Robert Tibbo
7091779,José Casado
7091780,Roberto Kaz
7091781,Julian Borger
7091782,Paul Johnson
7091783,Nick Hopkins
0688636,Laura Poitras
1294664,Ellar Coltrane
6567391,Elijah Smith
1085951,Lorelei Linklater
0697637,Steven Chester Prince
6567392,Bonnie Cross
6567393,Sydney Orta
0898047,Libby Villari
0673260,Marco Perella
6567394,Jamie Howard
5956177,Andrew Villarreal
1782571,Shane Graham
2592038,Tess Allen
1152882,Ryan Power
6567395,Sharee Fowler
4227286,Mark Finn
0786631,Charlie Sexton
0000500,Richard Linklater
3994407,Ryan Potter
0012523,Scott Adsit
1512166,Jamie Chung
2554352,T.J. Miller
2024644,Daniel Henney
0915458,Damon Wayans Jr.
1270009,Genesis Rodriguez
0748973,Maya Rudolph
0072344,Abraham Benrubi
1705090,Katie Lowes
1129362,Billy Bush
2128363,Paul Briggs
3254464,Charlotte Gulezian
0789479,David Shaughnessy
0047358,Kirk Baily
2320658,Don Hall
2539953,Alicia Vikander
1727304,Domhnall Gleeson
1209966,Oscar Isaac
4420495,Sonoya Mizuno
7048733,Claire Selby
5883179,Symara A. Templeman
7232418,Gana Bayarsaikhan
4031531,Tiffany Pisani
6045387,Elina Alminas
5891887,Chelsea Li
5431457,Caitlin Morton
4714579,Deborah Rosan
3561505,Evie Wray
0307497,Alex Garland
2057859,Andrea Riseborough
2196179,Kenny Chin
3691128,Jamahl Garrison-Lowe
0787892,Jeremy Shamos
1255832,Katherine O&#x27;Sullivan
0949433,Damian Young
0793661,Keenan Shimizu
4510749,Akira Ito
1932619,Natalie Gold
0923266,Merritt Wever
0796251,Michael Siberry
0585485,Clark Middleton
0752407,Amy Ryan
0428065,Felicity Jones
4350114,Tom Prior
6240141,Sophie Perry
6887408,Finlay Wright-Stephens
2851789,Alice Orr-Ewing
1741345,Thomas Morrison
2548122,Michael Marcus
6052308,Gruffudd Glyn
5427327,Paul Longley
0001833,Emily Watson
0647041,Guy Oliver-Watts
5032640,Lucy Chappell
3745225,Charlotte Hope
0190206,Abigail Cruttenden
0829576,Kristen Stewart
0098378,Kate Bosworth
0574460,Shane McRae
1446060,Hunter Parrish
0319121,Seth Gilliam
0475218,Stephen Kunken
3520615,Erin Darke
1736370,Quincy Tyler Bernstine
2214642,Maxine Prescott
0144232,Orlagh Cassidy
1036293,Rosa Arredondo
2097890,Zillah Glory
1020136,Caridad Martinez
2360503,Cal Freundlich
0733450,Charlotte Robson
0322144,Richard Glatzer
0922903,Wash Westmoreland
0252238,Carmen Ejogo
0001856,Oprah Winfrey
2740716,Jim France
6550068,Trinity Simone
6965925,Mikeria Howard
6965883,Jordan Rice
7043362,Ebony Billups
3849928,Nadej K. Bailey
7043363,Elijah Oliver
0152592,Clay Chappell
2763698,Haviland Stillwell
2428245,André Holland
0763650,Ruben Santiago-Hudson
0231458,Colman Domingo
1148550,Ava DuVernay
1092227,Sienna Miller
0973177,Kyle Gallner
6518675,Cole Konis
0715314,Ben Reed
0731826,Elise Robertson
6555190,Luke Sunshine
2241686,Troy Vincent
3175985,Brandon Salgado Telis
1218757,Keir O&#x27;Donnell
0005297,Marnette Patterson
0355699,Jason Hall
1188294,Billy Miller
0731346,Leonard Roberts
4729510,Jason Walsh
1274545,Reynaldo Gallegos
6373651,Kevin Lacz
1416330,Jake McDorman
0396558,Nicholas Hoult
2368789,Zoë Kravitz
0117412,Hugh Keays-Byrne
2890541,Josh Helman
0428923,Nathan Jones
2492819,Rosie Huntington-Whiteley
2142336,Riley Keough
3880181,Abbey Lee
5196907,Courtney Eaton
0397398,John Howard
5208473,Iota
0760151,Angus Sampson
0353228,Jennifer Hagan
0301885,Megan Gale
0415513,Melissa Jaffer
0688132,Amy Poehler
1411676,Mindy Kaling
0809613,Phyllis Smith
4609731,Kaitlyn Dias
0001492,Kyle MacLachlan
0005323,Paula Poundstone
1293885,Bobby Moynihan
0996134,Paula Pell
0281359,Flea
0215455,Ronnie Del Carmen
0488953,Brie Larson
5016878,Jacob Tremblay
0108703,Sean Bridgers
0187724,Wendy Crewson
3223622,Sandy McMaster
0330438,Matt Gordon
0115760,Amanda Brugel
0684187,Joe Pingue
4523607,Zarrin Darnell-Martin
0031679,Cas Anvar
1495664,Jee-Yun Lee
2325851,Randal Edwards
1328749,Justin Mader
0836380,Ola Sturik
2162499,Rodrigo Fernandez-Stoll
0642688,Rory O&#x27;Shea
1049433,Lenny Abrahamson
0000630,Liev Schreiber
0805476,John Slattery
0195421,Brian d&#x27;Arcy James
0001804,Stanley Tucci
0830588,Elena Wohl
0025255,Gene Amoroso
0614921,Doug Murray
0568823,Sharon McFarlane
0792177,Jamey Sheridan
0400223,Neal Huff
0448302,Robert B. Kennedy
0614926,Duane Murray
4313226,Brian Chamberlain
1644112,Michael Cyril Creighton
2401020,Will Poulter
5569442,Forrest Goodluck
2167957,Paul Anderson
0427379,Kristoffer Joner
3825855,Joshua Burge
0397258,Duane Howard
7506216,Melaw Nakehk&#x27;o
2245285,Fabrice Adde
7790000,Arthur RedCloud
1495335,Christopher Rosamond
0597235,Robert Moloney
0281956,Brendan Fletcher
7818351,Tyson Wood
1080831,McCaleb Burnett
0000621,Kurt Russell
0065007,Demián Bichir
0662960,James Parks
1057928,Zoë Bell
0395448,Lee Horsley
0420201,Keith Jefferson
0823149,Craig Stark
4477795,Belinda Owino
1475594,Channing Tatum
0331516,Ryan Gosling
5647921,Rudy Eisenzopf
2517511,Casey Groves
0847857,Charlie Talbert
4000521,Harold Gervais
8770973,Maria Frangos
3363398,Hunter Burke
0387900,Bernard Hocke
2754773,Shauna Rappold
1975871,Brandon Stacy
5583008,Aiden Flowers
0258523,Peter Epstein
0545008,Anthony Marble
0178385,Silas Cooper
4747279,Leslie Castay
0570912,Adam McKay
1561881,Amy Winehouse
3691877,Mitch Winehouse
1053148,Mark Ronson
1258970,Russell Brand
7400233,Lauren Gilbert
1891891,Juliette Ashby
7400234,Nick Shymansky
1836502,Tyler James
2967572,Guy Moot
7854828,Chris Taylor
2395809,Nick Gatfield
5964159,Ian Barter
7854829,Garry Mulholland
0743552,Jonathan Ross
5964157,Janis Collins
5998582,Sam Beste
0938810,Bobby Womack
1959190,Salaam Remi
0438090,Asif Kapadia
0753314,Mark Rylance
0518511,Domenick Lombardozzi
0894141,Victor Verhaeghe
2795735,Mark Fichera
0404427,Brian Hutchison
1635191,Henny Russell
7146771,Rebekah Brockman
1600051,John Rue
2915105,Billy Magnussen
6559211,Jillian Lebling
6907855,Noah Schnapp
2016723,Eve Hewson
3077007,Joel Brady
2764022,Géza Röhrig
4112928,Levente Molnár
0714455,Urs Rechn
1052273,Todd Charmont
2447960,Jerzy Walczak
6331244,Gergö Farkas
7781150,Balázs Farkas
0958192,Sándor Zsótér
1345937,Marcin Czarnik
4799891,Levente Orbán
6657529,Kamil Dobrowolski
2752774,Uwe Lauer
4389424,Christian Harting
0296015,Attila Fritz
0466345,Mihály Kormos
1295758,Márton Ágh
4649729,Amitai Kedar
7781151,István Pion
1841577,László Nemes
1720028,Amber Heard
0797860,Tusse Silberg
0771621,Adrian Schiller
2193504,Emerald Fennell
2447755,Henry Pettigrew
0119100,Claus Bue
1177117,Peter Krag
0192805,Angela Curran
7736233,Pixie
0868476,Pip Torrens
0081901,Paul Bigley
0186406,Nancy Crane
2348787,Nicola Sloane
5394487,Sonya Cullingford
1176985,Dave Bautista
0778831,Andrew Scott
0187361,Alessandro Cremona
2362713,Stephanie Sigman
2204178,Tenoch Huerta
2578315,Adriana Paz
0287398,Domenico Fortunato
2940827,Marco Zingaro
7469129,Stefano Elfi DiClaudia
0000717,Kareem Abdul-Jabbar
8708944,Mike Albanese
0004701,Marcus Allen
0047258,F. Lee Bailey
1922497,Danny Bakewell
0053676,Paula Barbieri
0057270,Rona Barrett
8750054,Joe Bell
8712555,Carrie Bess
0103417,Tom Bradley
1424463,Nicole Brown Simpson
6405134,Tanya Brown
1133849,Marcia Clark
0168137,Johnnie L. Cochran Jr.
1554601,Ezra Edelman
3478396,Luke Bracey
1954240,Teresa Palmer
1372922,Richard Pyros
5681790,Jacob Warner
5490799,Milo Gibson
7779500,Darcy Bryce
7737266,Roman Guerriero
0525281,James Lugton
4443845,Kasia Stelmach
0341737,Rachel Griffiths
4430335,Jarin Towney
0568958,Tim McGarry
0178833,Tyler Coppin
7335084,Richard Platt
1692762,Nathaniel Buzolic
1679669,Rosemarie DeWitt
2353430,Amiee Conn
0881814,Terry Walters
3235876,Thom Shelton
1197574,Cinda Adams
5555747,Callie Hernandez
1557329,Jessica Rothe
0165246,Claudine Claudio
0297229,Jason Fuchs
5240923,D.A. Wallach
9191380,Mike Fallin
0514179,Trevor Lissauer
6283951,Olivia Hamilton
3754108,Anna Chazelle
0252961,Idris Elba
2809577,Jenny Slate
1535594,Nate Torrence
0482141,Don Lake
0001045,Tommy Chong
0787680,Shakira
0675442,Raymond S. Persi
5415922,Della Saba
1601882,Phil Johnston
0299275,Fuschia!
0224007,John DiMaggio
0397174,Byron Howard
0601781,Rich Moore
1158544,Jared Bush
1975628,Mark O&#x27;Brien
0002245,Tzi Ma
6786013,Abigail Pniowsky
7160974,Julia Scarlett Dan
7852444,Jadyn Malone
0774891,Frank Schorpion
5520381,Lucas Chartier-Dessert
5218368,Christian Jadah
0887621,Lucy Van Oldenbarneveld
2359380,Andrew Shaver
1980429,Pat Kiely
0897060,Sonia Vigneault
0131117,Mark Camacho
2484262,Sabrina Reeves
0898288,Denis Villeneuve
2348627,Lucas Hedges
7164242,Ivy O&#x27;Brien
0232426,Richard Donelly
8587165,Virginia Loring Cooke
0944886,Missy Yager
0376610,Stephen McKinley Henderson
4021830,Ben Hanson
7243672,Mary Mallen
0923902,Lewis D. Wheeler
2024585,Anthony Estrella
1225590,C.J. Wilson
1581522,Susan Pourfar
0783269,Robert Sella
5080543,Ruibo Qian
0518836,Kenneth Lonergan
1267552,Taraneh Alidoosti
3618794,Mina Sadati
8511145,Maral Baniadam
2320613,Farid Sajjadi Hosseini
8511148,Mojtaba Pirzadeh
6143802,Mehdi Koushki
11512915,Mohammad Reza Rasouli
8511149,Sahra Asadollahi
13350374,Amir Reza Shoghi
1846495,Ehteram Boroumand
8511147,Shirin Aghakashi
10268589,Yasaman Moheb-Ahari
8511146,Emad Emami
15995855,Amin Balavizade
15721550,Bahram Sharghi
8511150,Sam Valipour
5218990,Trevante Rhodes
7683379,Alex R. Hibbert
8104400,Shariff Earp
5429086,Duan Sanderson
1847117,Janelle Monáe
7683380,Jaden Piner
4075156,Herman &#x27;Caheei McGloun
8401405,Kamal Ani-Bellow
8401406,Keomi Givens
8401407,Eddie Blanchard
7747557,Rudi Goblen
5480894,Ashton Sanders
6211068,Edson Jean
8401409,Patrick Decile
8401410,Herveline Moncion
7851611,Jharrel Jerome
1503575,Barry Jenkins
5888481,Neel Sethi
2143282,Lupita Nyong&#x27;o
0788009,Garry Shandling
11957946,Brighton Rose Favreau
3492402,Emjay Anthony
3528705,Max Favreau
8041206,Chloe Hechter
6239143,Asher Blinkoff
8041207,Knox Gagnon
8041208,Sasha Schreiber
8050053,Kai Schreiber
0269463,Jon Favreau
2239702,Katherine Waterston
0837223,Alison Sudol
0283945,Dan Fogler
2580832,Scott Goldman
0072758,Tim Bentinck
0846925,Tristan Tait
0384732,Tom Clarke Hill
0799252,Matthew Sim
3009232,Ezra Miller
7500671,Faith Wood-Blagrove
2893183,Jenn Murray
3270798,Cory Peterson
0688351,Lucie Pohl
0106998,Peter Breitmayer
0946734,David Yates
5381254,Jovan Adepo
0395203,Russell Hornsby
0932112,Mykelti Williamson
5181138,Saniyya Sidney
3459382,Christopher Mele
0095516,Lesley Boone
1014162,Jason Silvis
5234705,Toussaint Raphael Abessolo
4635997,Rachelle Beinart
8928339,Gregory Bromfield
8251923,Joshua Camerata
8441032,Hannibal Chancellor
5461590,Cara Clark
7798864,Tra&#x27;Waan Coles
9816070,Sean Cummings
3053338,Margot Robbie
2968738,Jaime FitzSimons
0054697,Ike Barinholtz
0246024,Christopher Dyson
0926471,Ted Whittall
1092086,David Harbour
0235960,Robin Atkin Downes
0652893,Billy Otis
5666795,Shailyn Pierre-Dixon
0569651,James McGowan
1747924,Jim Parrack
5770636,Derek Perks
0996669,Common
0043742,David Ayer
5645519,Anthony Gonzalez
0000973,Benjamin Bratt
0005513,Alanna Ubach
0896149,Renee Victor
0131781,Jaime Camil
0000778,Alfonso Arau
0797567,Herbert Siguenza
0407101,Gabriel Iglesias
0613872,Ana Ofelia Murguía
3086285,Natalia Cordova-Buckley
0526090,Selene Luna
0001579,Edward James Olmos
2016172,Sofía Espinosa
3770662,Carla Medina
0650969,Dyana Ortelli
0883609,Luis Valdez
2937122,Adrian Molina
0005377,Sam Rockwell
2655177,Caleb Landry Jones
0174403,Kerry Condon
6019128,Alejandro Barrios
0676370,Clarke Peters
2888524,Darrell Britt-Gibson
9362777,Riya May Atwood
9362778,Selah Atwood
2581729,Amanda Warren
1371862,Malaya Rivera Drew
0553036,Sandy Martin
0227759,Peter Dinklage
1732981,Martin McDonagh
1869101,Ana de Armas
0036553,Mark Arnold
1315976,Vilma Szécsi
0365445,Wood Harris
2810287,David Dastmalchian
1319365,Tómas Lemarquis
1679778,Sylvia Hoeks
1760156,Sallie Harmsen
0007814,Hiam Abbass
4496875,Mackenzie Davis
1279980,Krista Kosonen
2917590,Elarica Johnson
2406731,Bryan Fogel
5463239,Dave Zabriskie
2272288,Don Catlin
8679961,Grigory Rodchenkov
10803929,Scott Brandt
10803928,Ben Stone
2438829,Dick Pound
8898620,Richard McLaren
9035155,Nikita Kamaev
2855507,Thomas Bach
1660012,Sebastian Coe
3852993,Vitaliy Mutko
0169000,Dan Cogan
5169632,David Howman
2203384,Jacques Rogge
9682068,Jim Walden
0035790,Lance Armstrong
0482787,Barry Bonds
2257207,Daniel Kaluuya
4129745,Allison Williams
5436968,Marcus Henderson
3340597,Betty Gabriel
3147751,LaKeith Stanfield
2577076,Lil Rel Howery
2214493,Ashley LeConte Campbell
0932847,John Wilmot
0488255,Caren L. Larkey
4152547,Julie Ann Jones
0186657,Rutherford Cravens
1046808,Geraldine Singer
6162435,Yasuhiko Oyama
0378800,Richard Herd
1443502,Jordan Peele
2309517,Armie Hammer
0142972,Amira Casar
1081257,Esther Garrel
4973460,Victoire Du Bois
8747928,Vanda Capriolo
8747929,Antonio Rimoldi
1997283,Elena Bucci
2000106,Marco Sgrosso
6056595,André Aciman
0817379,Peter Spears
12391029,Andrew Duncan Hinojosa
8787712,Maria Caggianelli Villani
3422247,Krystal Ellsworth
0345174,Luca Guadagnino
7887725,Fionn Whitehead
4422686,Barry Keoghan
4044784,Damien Bonnard
2902567,Aneurin Barnard
5218471,Lee Armstrong
5914751,James Bloor
6077951,Tom Glynn-Carney
4110963,Jack Lowden
3451086,Luke Thompson
7754761,Michel Biel
4633460,Constantin Balsan
6247071,Billy Howle
6682520,Mikey Collins
8546558,Callum Blake
7635424,Dean Ridge
1225475,Bobby Lockwood
0629855,Julianne Nicholson
3236159,Paul Walter Hauser
0134072,Bobby Cannavale
0636942,Bojana Novakovic
4850403,Caitlin Carver
7431107,Maizie Smith
5085683,Mckenna Grace
2612326,Suehyla El-Attar Young
1151921,Jason Davis
7556188,Mea Allen
5302034,Cory Chapman
4707742,Amy Fox
2278056,Cara Mantella
2282254,Joshua Mikel
3496235,Lynne Ashe
0318916,Craig Gillespie
4141252,Lily James
0578853,Ben Mendelsohn
0428933,Nicholas Jones
0525973,Richard Lumsden
0574436,Hilton McRae
1006297,Joe Armstrong
0712628,Adrian Rawlins
0502734,Paul Leonard
3043279,Vicky Krieps
4914253,Julie Vollono
9453221,Sue Clark
9453222,Joan Brown
8905565,Harriet Leitch
3307802,Dinah Nicholson
9453223,Julie Duck
9453224,Maryanne Frost
9453225,Elli Banks
5209842,Amy Cunningham
6832505,Amber Brabant
5147816,Geneva Corlett
2510983,Juliet Glaves
0571160,Gina McKee
0291683,Philip Franks
0420955,Richard Jenkins
0382110,David Hewlett
0780678,Nick Searcy
0036732,Stewart Arnott
0809049,Lauren Lee Smith
0730045,Martin Roach
0298453,Allegra Fulton
0438127,John Kapelos
1225457,Morgan Kelly
0443354,Marvin Kaye
1617355,Dru Viergever
0528994,Wendy Lyon
6061529,Daniela Vega
0721280,Francisco Reyes
0323483,Luis Gnecco
0478202,Aline Küppenheim
1442624,Nicolás Saavedra
0634074,Amparo Noguera
2053207,Trinidad González
0134573,Néstor Cantillana
0324766,Alejandro Goic
0954222,Antonia Zegers
0380139,Sergio Hernández
9928618,Roberto Farías
1275107,Cristián Chaparro
9121776,Diana Cassis
2813912,Eduardo Paxeco
2802458,Paola Lattus
9121777,Felipe Zambrano
1046383,Erto Pantoja
0133326,Sebastián Lelio
4271336,Shameik Moore
2159926,Jake Johnson
2794962,Hailee Steinfeld
3109964,Brian Tyree Henry
0005499,Lily Tomlin
0904967,Luna Lauren Velez
1825214,John Mulaney
4733752,Kimiko Glenn
1063517,Kathryn Hahn
2295540,Natalie Morales
2430511,Edwin R. Habacon
2336966,Greta Lee
2130108,Bob Persichetti
0709056,Peter Ramsey
0745247,Rodney Rothman
0004802,Linda Cardellini
1724319,Sebastian Maniscalco
1221253,Dimiter D. Marinov
2273391,Mike Hatton
0126260,P.J. Byrne
0181288,Joe Cortese
8337482,Mary Agnes Nixon
4439921,Von Lewis
9918154,Jon Sortland
0823155,Don Stark
0542134,Anthony Mangano
0806002,Paul Sloan
9682528,Seth Hurwitz
9691833,Hudson Galloway
8941213,Gavin Lyle Foley
0268380,Peter Farrelly
3658958,Alex Honnold
2225545,Tommy Caldwell
3011011,Jimmy Chin
7466099,Cheyne Lempe
4489275,Mikey Schaefer
10133509,Sanni McCandless
10491850,Dierdre Wolownick
2050050,Peter Croft
3833645,John Bachar
10615298,Derek Hersey
4975387,Sean Leary
0652053,Dan Osman
2552345,Dean Potter
1888091,Elizabeth Chai Vasarhelyi
1785339,Rami Malek
2377903,Lucy Boynton
3152605,Gwilym Lee
5228887,Ben Hardy
0318821,Aidan Gillen
1464879,Aaron McCusker
1374868,Meneka Das
0080372,Ace Bhatti
9069524,Priya Blackburn
5447790,Dermot Murphy
5004033,Dickie Beau
1043031,Tim Plester
2516193,Jack Roth
2976920,Max Bennett
8611957,Yalitza Aparicio
0211920,Marina de Tavira
9948845,Diego Cortina Autrey
9985727,Carlos Peralta
5841958,Marco Graf
8611958,Daniela Demesa
9863951,Nancy García García
9985728,Verónica García
9985729,Andy Cortés
9992085,Fernando Grediaga
9716310,Jorge Antonio Guerrero
9985730,José Manuel Guerrero Mendoza
2089611,Latin Lover
9985731,Zarela Lizbeth Chinolla Arellano
9985732,José Luis López Gómez
9985733,Edwin Mendoza Ramírez
4553455,Clementina Guadarrama
0495426,Enoc Leaño
3078932,Lady Gaga
0342399,Greg Grunberg
1969169,Rafi Gavron
6588867,Anthony Ramos
7573227,Marlon Williams
1848488,Brandi Carlile
0377106,Barry Shabaka Henley
0363669,Michael Harney
2093400,Rebecca Field
1431753,Derek Kevin Jones
1316418,Willam Belli
5938343,Emma Delves
3179464,Faye Daveney
10083301,Paul Swaine
10083309,Jennifer White
8997849,Lilly-Rose Stevens
1439098,Denise Mack
0808576,James Smith
10227282,Horatio
8062072,Willem Dalby
5506784,Edward Aczel
6914521,Carolyn Saint-Pé
2521096,John Locke
0909633,Everal A Walsh
0487166,Yorgos Lanthimos
0913475,John David Washington
3485845,Adam Driver
5637553,Laura Harrier
0333410,Topher Grace
0926086,Isiah Whitlock Jr.
0121559,Robert John Burke
0850211,Brian Tarantina
0621597,Arthur J. Nascarella
0307473,Ken Garito
0919867,Frederick Weller
0123946,Michael Buscemi
3354831,Damaris Lewis
3492635,Ato Blankson-Wood
3659660,Corey Hawkins
1991213,Dared Wright
4781625,Faron Salisbury
2375297,Ryan Eggold
1569276,Chadwick Boseman
0430107,Michael B. Jordan
1775091,Danai Gurira
0293509,Martin Freeman
4004793,Letitia Wright
6328300,Winston Duke
1250791,Sterling K. Brown
0000291,Angela Bassett
0441042,Florence Kasumba
1605085,David S. Lee
8852246,Nabiyah Be
0207218,Isaach De Bankolé
0158448,Connie Chiume
3363032,Ryan Coogler
2946516,Claire Foy
3571592,Christopher Abbott
1032567,Pablo Schreiber
0256121,Ethan Embry
5754425,Cory Michael Smith
1829290,Kris Rey
8583232,Gavin Warren
9354874,Luke Winters
0550371,Eddie Marsan
0005095,Justin Kirk
0004986,LisaGay Hamilton
0687146,Jesse Plemons
0573134,Don McManus
1143816,Lily Rabe
0012289,Stephen Adly Guirgis
1347153,Tyler Perry
1662118,Josh Latzer
4759617,Jeff Bosley
7216422,Camille James Harman
8460487,KiKi Layne
4150847,Stephan James
3500582,Teyonah Parris
10021443,Ethan Barrett
10021444,Milanni Mines
6372377,Ebony Obsidian
9584861,Dominique Thorne
0004729,Michael Beach
1986960,Emily Rios
4534098,Ed Skrein
1587729,Finn Wittrock
10552902,Carl Parker
1053122,Shabazz Ray
0814280,Song Kang-ho
1310525,Lee Sun-kyun
1856097,Cho Yeo-jeong
6079248,Choi Woo-sik
6476224,Park So-dam
7553003,Lee Jeong-eun
4525883,Jang Hye-jin
3745391,Park Myeong-hoon
7616095,Jung Ji-so
10700274,Jung Hyun-jun
4522499,Park Keun-rok
10860732,Jung Yi-seo
11261148,Jo Jae-myeong
10215504,Jung Ik-han
11044243,Kim Kyu-baek
11432327,Hwang In-kyung
9086195,Ahn Seong-bong
11432328,Kim Jin-hyung
0094435,Bong Joon Ho
5939164,Zazie Beetz
0191442,Brett Cullen
0281909,Glenn Fleshler
5279916,Leigh Gill
0656929,Josh Pais
11027103,Rocco Luna
0549505,Marc Maron
0416932,Sondra James
0349881,Murphy Guyer
0388061,Douglas Hodge
7159554,Dante Pereira-Olson
10504250,Carrie Louise Putrello
0913531,Sharon Washington
0680846,Todd Phillips
2835616,Dean-Charles Chapman
1126657,George MacKay
2553988,Pip Carter
5121393,Andy Apollo
4078775,Paul Tinto
6919812,Josef Davies
5037475,Billy Postlethwaite
9419368,Gabriel Akuwudike
10711826,Spike Leighton
4130813,Robert Maaser
2228294,Gerran Howell
9273822,Adam Hugill
11227848,Benjamin Adams
1256532,Jon Bernthal
1495520,Caitríona Balfe
7415871,Noah Jupe
0504832,Tracy Letts
0320969,Remo Girone
0270625,JJ Feild
1481829,Jack McMullen
0969364,Corrado Invernizzi
2006513,Joe Williamson
2870406,Ian Harding
0201178,Christopher Darga
3399212,Shawn Law
1556504,Emil Beheshti
0696093,Darrin Prescott
9877392,Roman Griffin Davis
5057169,Thomasin McKenzie
0169806,Taika Waititi
2313103,Rebel Wilson
0580351,Stephen Merchant
9987228,Archie Yates
2554070,Luke Brandon Field
10128406,Sam Haygarth
5695737,Stanislav Callas
5265332,Joe Weintraub
1340370,Brian Caspe
1336334,Gabriel Andrews
3858664,Billy Rayner
10186538,Christian Howlings
10981684,Gilby Griffin Davis
5005121,Julia Greer
7309485,Azhy Robertson
0536866,Matthew Maher
2650183,Eric Berryman
2316017,Mickey Sumner
3818969,David Turner
1921376,Gideon Glick
5093499,Jasmine Cephas Jones
5055799,Motell Gyn Foster
1719587,Raymond J. Lee
6384402,Mary Wiseman
1776190,Pete Simpson
3494378,Irene Choi
3251812,Matthew Shear
1121959,Becca Blackwell
0000876,Noah Baumbach
0914612,Emma Watson
6073955,Florence Pugh
7340546,Eliza Scanlen
0644022,Bob Odenkirk
3584268,James Norton
0308039,Louis Garrel
1159251,Jayne Houdyshell
9770180,Rafael Silva
6251353,Mason Alban
9189209,Emily Edström
0687694,Maryann Plunkett
6044874,Hadley Robinson
1950086,Greta Gerwig
0355024,Tony Hale
1221047,Keegan-Michael Key
6421259,Madeleine McGraw
0376716,Christina Hendricks
1280361,Ally Maki
0379596,Jay Hernandez
0015935,Lori Alan
4038224,Emily Davis
1981893,Riz Ahmed
4972453,Olivia Cooke
0705152,Paul Raci
4248765,Lauren Ridloff
12066036,Domenico Toledo
10248732,Chelsea Lee
10733406,Shaheem Sanchez
5012884,Chris Perfetti
1452254,Bill Thorpe
3166276,Michael Tow
3899420,William Xifaras
2728453,Rena Maliszewski
0447376,Tom Kemp
12066037,Elan Sicroff
3688863,Jeremy Lee Stone
12066038,Ezra Marder
12066039,Hartmut Teuber
2942187,Darius Marder
4960279,Margaret Qualley
6253548,Julia Butters
2581521,Austin Butler
0266824,Dakota Fanning
2538735,Mike Moh
0000580,Luke Perry
0507073,Damian Lewis
6231136,Samantha Robinson
4027445,Rafal Zawierucha
4448022,Lorenza Izzo
10930330,Junming &#x27;Jimmy&#x27; Wang
10930331,Robert Allen
2414445,Sherrod Brown
10930329,Dave Burrows
11651697,Dawnetta Cantrell
11651701,Lori Cochran
10937756,Austin Cole
10937834,John Crane
10930574,John Gauthier
10930333,Rob Haerr
10930914,Cynthia Harper
10930334,Wong He
10934877,Timi Jernigan
13124307,Betty Jones
10930332,Jill Lamantia
10930344,Jeff Daochuan Liu
11458740,Curt McDivitt
11651698,Steve Reese
0091840,Steven Bognar
0717064,Julia Reichert
5473782,Taron Egerton
0534635,Richard Madden
0533599,Steven Mackintosh
1502204,Tom Bennett
10388022,Matthew Illesley
5598573,Kit Connor
2185462,Charlie Rowe
6762541,Peter O&#x27;Hanlon
5766920,Ross Farrelly
5766922,Evan Walsh
9031116,Sharmina Harrower
1166041,Ophelia Lovibond
10426964,Celinde Schoenmaker
0571952,Kate McKinnon
0110168,Connie Britton
5735148,Liv Hewson
6617420,Brigette Lundy-Paine
3008739,Rob Delaney
0243233,Mark Duplass
0917848,Robin Weigert
0484541,Amy Landecker
2258164,Nazanin Boniadi
0493159,Ben Lawson
0005366,Jay Roach
2976580,Jessie Buckley
0001722,Rufus Sewell
0179549,Richard Cordery
4817257,Royce Pierreson
9763285,Darci Shaw
0638762,Andy Nyman
8165602,Bella Ramsey
8727351,Lewin Lloyd
6505048,Tom Durant Pritchard
2742856,John Dagleish
0525702,Adrian Lukis
3845450,Gemma-Leah Devereux
5591800,Gus Barry
2878763,Jodie McNee
3734458,Rupert Goold
0931404,Olivia Williams
1782299,Imogen Poots
0223499,Ayesha Dharker
8174176,Roman Zeller
8958189,Adnan Kundi
12473278,Brian Rodger
1725469,Florian Zeller
0287741,Craig Foster
6463020,Tom Foster
11813828,Pippa Ehrlich
1624755,James Reed
0275486,Tina Fey
0636218,Graham Norton
1344302,Rachel House
0103797,Alice Braga
1547964,Richard Ayoade
0711118,Phylicia Rashad
0712603,Donnell Rawlings
0859821,Questlove
11973242,Cora Champommier
0355863,Margo Hall
4377526,Daveed Diggs
1159336,Rhodessa Jones
0415529,Sakina Jaffrey
3833084,Fortune Feimster
0335291,Calum Grant
5358492,Kemp Powers
0586568,Mads Mikkelsen
0488917,Thomas Bo Larsen
2099237,Magnus Millang
1046521,Lars Ranthe
0095013,Maria Bonnevie
2530407,Helene Reingaard Neumann
0937622,Susse Wold
6943136,Magnus Sjørup
11070573,Silas Cornelius Van
4851077,Albert Rudbeck Lindhardt
1563441,Martin Greis-Rosenthal
4829003,Frederik Winther Rasmussen
11429689,Aksel Vedsegaard
11429690,Aya Grann
11429691,Gustav Sigurth Jeppesen
11429692,Freja Bella Lindahl
1465932,Mercedes Claro Schelin
11321181,Cassius Aasav Browning
0899121,Thomas Vinterberg
3102998,Bo Burnham
1555340,Alison Brie
0111013,Adam Brody
2200658,Ray Nicholson
3931538,Sam Richardson
1520977,Timothy E. Goodwin
1209545,Laverne Cox
5841886,Alli Hart
2079299,Loren Paul
3792581,Scott Aschenbrenner
2395586,Christopher Mintz-Plasse
3125023,Gabriel Oliva
2575416,Bryan Lillis
11198131,Francisca Estevez
0779514,Lorna Scott
3081796,Steven Yeun
3680658,Han Yeri
10910136,Alan Kim
10942337,Noel Cho
0184981,Darryl Cox
8081725,Esther Moon
2026324,Ben Hall
1387487,Eric Starkey
0001599,Will Patton
0950926,Youn Yuh-jung
10397406,Jacob M Wade
0521728,James Carroll
2830632,Jenny Phagan
0662669,Tina Parker
7132227,Chloe Lee
10838063,Joel Telford
2020278,Scott Haze
9036839,Kaye Brownlee-France
1818032,Lee Isaac Chung
1500155,Robert Pattinson
1798449,Juhan Ulfsak
2131630,Jefferson Hall
0882616,Ivo Uukkivi
0397110,Andrew Howard
0991553,Rich Ceraulo Ko
1942304,Jonathan Camp
7275664,Sander Rebane
0233027,Martin Donovan
0993242,Clémence Poésy
0438092,Dimple Kapadia
1336722,Denzil Smith
0857458,Jeremy Theobald
9584508,Linda May
11894469,Gay DeForest
11894470,Patricia Grier
11894471,Angela Reyes
11894472,Carl R. Hughes
11894473,Douglas G. Soul
11894474,Ryan Aquino
11894475,Teresa Buchanan
11894476,Karie Lynn McDermott Wilder
11894477,Brandy Wilber
11894478,Makenzie Etcheverry
9984799,Bob Wells
11922485,Annette Webb
11894480,Rachel Bannon
10470534,Charlene Swankie
11894481,Bryce Bedsworth
2125482,Chloé Zhao
0877270,Glynn Turman
0693446,Michael Potts
0185431,Jonny Coyne
3666749,Taylour Paige
3163249,Dusan Brown
3202406,Quinn VanAntwerp
9758659,Chloe Davis
7021140,Mayte Natalio
11615536,Johanna Elmina Moise
12149604,Onyxx Noel
9710116,LaWanda Hopkins
4791262,Sierra Stewart
7043736,Malaiyka Reid
0938045,George C. Wolfe
1670601,Tom Pelphrey
0397124,Arliss Howard
4190537,Monika Gossmann
0873744,Sam Troughton
2584861,Toby Leonard Moore
0121895,Tom Burke
2000850,Ferdinand Kingsley
0574535,Jamie McShane
2300959,Jack Romano
1995781,Adam Shapiro
0161446,John Churchill
3234402,Jeff Harms
0272581,Rebecca Ferguson
3918035,Zendaya
0597388,Jason Momoa
1004267,Sharon Duncan-Brewster
2129802,Babs Olusanmokun
7064768,Benjamin Clémentine
0267256,Souad Faress
0742929,Golda Rosheuvel
4454223,Emilia Jones
1319274,Troy Kotsur
3310289,Daniel Durant
0278468,John Fiore
5046593,Amy Forsyth
2972597,Courtland Jones
7852691,Molly B. Thomas
6916321,Ferdia Walsh-Peelo
3008060,Ayana Brown
1655232,Jason Pugatch
9809074,Kyana Fanene
12277978,Anilee List
0220240,Eugenio Derbez
9099862,Stone Martin
2976638,Maeve Chapman
1571761,Sian Heder
12755863,Dorinda Drake
12755861,Barbara Bland-Acosta
12710321,Darryl Lewis
0064207,Ethel Beatty
0789314,Al Sharpton
5444897,Allen Zerkin
2399773,Margot Edman
12755865,Cyril &#x27;Bullwhip&#x27; Innis Jr.
0876317,Hal Tulchin
4587430,Musa Jackson
0204105,Billy Davis Jr.
0566345,Marilyn McCoo
12730746,Adrienne Kryor
0851135,Greg Tate
0403095,Charlayne Hunter-Gault
0460912,Gladys Knight
0147147,Henry Cavill
2933757,Gal Gadot
3570321,Ray Fisher
4404779,Ryan Zheng
2966840,Lisa Loven Kongsli
0811583,Zack Snyder
9403098,Demi Singleton
10693286,Mikayla Lashae Bartholomew
6822586,Daniele Lawson
4815306,Layla Crawford
0727640,Erika Ringor
0063800,Noah Bean
5164937,Craig Tate
8582283,Josiah Cross
8939444,Calvin Clausell Jr.
8929615,Vaughn W. Hebron
1456793,Jimmy Walker Jr.
0339159,Brad Greenquist
3232264,Reinaldo Marcus Green
0632689,Hidetoshi Nishijima
4392528,Tôko Miura
1929776,Reika Kirishima
2347861,Masaki Okada
12719478,Park Yu-rim
12719479,Jin Dae-yeon
9880444,Sonia Yuan
13161402,Ahn Hwitae
2015658,Perry Dizon
1209115,Satoko Abe
4155286,Hiroko Matsuda
3825417,Toshiaki Inomata
6228555,Takako Yamamura
3628358,Ryô Iwase
13282089,Faisal Anwar
11757604,Kamal Zharif
2950254,Massimo Biondi
2873228,Shôichirô Tanigawa
3152327,Ryûsuke Hamaguchi
6195774,Dominique Fishback
4861346,Algee Smith
3281146,Amari Cheatom
7800057,Khris Davis
7468200,Ian Duff
6783752,Caleb Eberhardt
0519486,Robert Longstreet
7422316,Amber Chardae Robinson
7088574,Ikechukwu Ufomadu
5699472,James Udom
3489851,Shaka King
2736476,Lashana Lynch
1399770,David Dencik
8437705,Dali Benssalah
11645469,Lisa-Dorah Sonnet
12986347,Coline Defaud
6749529,Mathilde Bourbin
0219465,Hugh Dennis
1560977,Cary Joji Fukunaga
2181128,Joel Fry
2312391,John McCrea
2387806,Emily Beecham
4624730,Kirby
5857152,Jamie Demetriou
11070112,Niamh Lynch
4942550,Andrew Leung
4963600,Ed Birch
9245821,Dylan Lowe
0063311,Paul Bazely
6554076,Abraham Popoola
1095324,Leo Bill
2915509,Ninette Finch
3715867,Stephanie Beatriz
1239720,María Cecilia Botero
8871347,Mauro Castillo
8731846,Jess Darrow
0148382,Angie Cepeda
1333962,Carolina Gaitan
4058898,Diane Guerrero
0005519,Wilmer Valderrama
7968341,Rhenzy Feliz
7418176,Ravi Cabot-Conyers
4624481,Adassa
8349062,Maluma
0692419,Rose Portillo
13117200,Noemi Josefina Flores
4222238,Juan Castano
7362703,Sarah-Nicole Robles
0253476,Hector Elias
4146781,Charise Castro Smith
11879379,Jude Hill
11888099,Lewis McAskie
1946193,Jamie Dornan
0907905,Josie Walker
12260920,Freya Yates
12225877,Nessa Eriksson
10031166,Charlie Barnard
11848155,Frankie Hastings
11705174,Máiréad Tyers
11584191,Caolan McCarthy
11002572,Ian Dunnett Jnr
7107447,Lara McDonnell
9111156,Chris McCurry
10155819,Rachel Feeney
5052065,Ansel Elgort
10399505,Rachel Zegler
3663196,Ariana DeBose
3174725,David Alvarez
4576311,Mike Faist
10399506,Josh Andrés Rivera
10772681,Iris Menas
5822012,David Aviles Morales
7756613,Sebastian Serra
10772682,Ricardo Zayas
10772686,Carlos E. Gonzalez
5080141,Ricky Ubeda
10772684,Andrei Chagas
10772685,Adriel Flete
6668520,Jacob Guzman
2240346,Kodi Smit-McPhee
0705680,Kenneth Radley
2407067,Sean Keenan
2277047,George Mason
9078712,Ramontay McConnell
7212536,David Denis
1959207,Cohen Holloway
12858638,Max Mata
8187625,Josh Owen
4592485,Alistair Sewell
0132426,Eddie Campbell
2129444,Alice Englert
4277617,Bryony Skillington
0238444,Jacque Drew
0427728,Cherry Jones
1458132,Mark Wystrach
0415382,Sam Jaeger
1209413,Louis Cancelmi
0646192,Gabriel Olds
6718679,Chandler Head
0401132,Jay Huguley
1112969,Dan Johnson
1093988,Michael MacCauley
0654372,Grant Owens
2546388,Coley Campany
3254270,Craig Newkirk
4996050,Wes Jetton
1422176,Jess Weixler
0795290,Michael Showalter
3480246,Ella Purnell
0307143,Ana de la Reguera
1165044,Omari Hardwick
0744331,Theo Rossi
0777788,Matthias Schweighöfer
2482391,Nora Arnezeder
0760796,Hiroyuki Sanada
0449299,Tig Notaro
1950004,Raúl Castillo
4806622,Huma Qureshi
3287954,Samantha Win
0149150,Richard Cetrone
1746980,Michael Cassidy
2788802,Steve Corona
3803706,Chelsea Edmundson
3758697,Zach Rose
1506981,Bashir Salahuddin
0358316,Jon Hamm
0663174,Charles Parnell
4834815,Monica Barbaro
5730649,Lewis Pullman
1337350,Jay Ellis
6639989,Danny Ramirez
1412974,Glen Powell
7453477,Jack Schumacher
3254274,Manny Jacinto
2745297,Kara Wang
8241861,Greg Tarzan Davis
4917623,Jake Picking
3100463,Raymond Lee
2676052,Joseph Kosinski
3513533,Stephanie Hsu
3303059,Tallie Medel
1484270,Harry Shum Jr.
0927706,Biff Wiff
4576371,Sunita Mani
1594381,Aaron Lazar
5260295,Brian Le
5147838,Andy Le
4250814,Narayana Cabral
7918162,Chelsey Goldsmith
2359285,Craig Henningsen
1190376,Anthony Molinari
1640149,Dan Brown
3453283,Daniel Kwan
3215397,Daniel Scheinert
0436835,Felix Kammerer
3477129,Albrecht Schuch
6037256,Aaron Hilmer
2714111,Moritz Klaus
9620384,Adrian Grünewald
2518296,Edin Hasanovic
2435705,Andreas Döhler
1389891,Sebastian Hülk
0270784,Luc Feit
0937000,Michael Wittenborn
2345047,Michael Stange
2584311,Sascha Nathan
0486437,Tobias Langhoff
6077587,Anton von Lucke
4528152,Michael Pitthan
0074163,Edward Berger
1694524,N.T. Rama Rao Jr.
2776304,Ram Charan
0222426,Ajay Devgn
1017633,Alia Bhatt
11324543,Olivia Morris
1328152,Shriya Saran
0829032,Ray Stevenson
2284321,Samuthirakani
6252873,Chandra Sekhar
0221218,Makrand Deshpande
1960306,Rajeev Kanakala
8412322,Rahul Ramakrishna
4535968,Edward Sonnenblick
8858156,Varun Buddhadev
9908220,Spandan Chaturvedi
1204791,Mark Bennington
9465525,Ahmareen Anjum
1442514,S.S. Rajamouli
5584750,Sadie Sink
1339223,Ty Simpkins
2186865,Hong Chau
6886664,Sathya Sridharan
10814851,Jacey Sink
5682893,Allison Altman
4565262,Lance Oppenheim
13435640,Wilhelm Schalaudek
6281092,Alexei Navalny
6764494,Yulia Navalnaya
12146917,Christo Grozev
13345643,Dasha Navalnaya
10789147,Leonid Volkov
12246737,Maria Pevchikh
4319146,Tim Lister
12427157,Fidelius Schmid
13345644,Zakhar Navalny
9039309,Georgy Alburov
13345645,Anna Biryukova
14919700,Alexey Alexandrovich
1635798,John Berman
9690761,Aleksandr Bortnikov
14919705,Konstantin Kudryavtsev
1361767,Angela Merkel
14657424,Aleksandr Murakhovskiy
14919702,Ivan Osipov
4173215,Daniel Roher
0103195,David Bradley
9640481,Gregory Mann
1218607,Burn Gorman
6016511,Finn Wolfhard
0444786,Tom Kenny
13903754,Alfie Tempest
6550719,Anthea Greco
0266908,Francesca Fanti
3383410,Sandro Carotti
4548005,Rio Mangini
10243649,Benjamin Valic
0348993,Mark Gustafson
0184698,Brendan Cowell
1318596,Jemaine Clement
7370588,Jamie Flatters
6839875,Britain Dalton
9304507,Trinity Jo-Li Bliss
5607823,Jack Champion
3791148,Bailey Bass
6914609,Filip Geljo
4737604,Duane Evans Jr.
12876537,Emily Mitchell
12683903,Kate Hallett
14003158,Liv McNeil
0565319,Sheila McCarthy
6920210,Michelle McLeod
2520045,Kira Guloien
13032018,Shayla Brown
1659389,Vivien Endicott-Douglas
1909302,August Winter
13145972,Lochlan Miller
6846984,Nathaniel McParland
2012029,Will Bowes
0001631,Sarah Polley
3948190,Michaela Coel
3129928,Alex Livinalli
5870099,Mabel Cadena
0764527,Danny Sapani
7262074,Dorothy Steel
1052657,Zainab Jah
13512939,Mstyslav Chernov
13293869,Evgeniy Maloletka
15608630,Liudmyla Amelkina
15954301,Roman Golovanov
15608638,Zhanna Homa
15608633,Oleksandr Ivanov
15608637,Irina Kalinina
7849606,Igor Konashenkov
2560078,Sergey Lavrov
10812827,Ernest Matskyavichyus
9752059,Vasiliy Nebenzya
15608632,Volodymyr Nikulin
1269884,Vladimir Putin
15687066,Anastasiya Yerashova
3305952,Volodymyr Zelenskyy
2403277,Alden Ehrenreich
0342241,Scott Grimes
0463282,Kurt Koehler
0086301,Macon Blair
0342881,Harry Groener
0419813,Gregory Jbara
0455316,Ted King
0215229,Tim DeKay
0396765,Steven Houska
4947538,Minami Hamabe
2747232,Sakura Andô
14820418,Rikako Miura
1328568,Munetaka Aoki
1482259,Kuranosuke Sasaki
4290253,Yuki Yamada
0949069,Hidetaka Yoshioka
1209657,Yûya Endô
14381820,Sae Nagatani
0034712,Michael Arias
4187460,Takato Yonemoto
1330627,Kisuke Iida
3474785,Ozuno Nakamura
11150742,Yuki Takao
14352697,Jun Saito
7918123,Miou Tanaka
3648462,Makoto Araki
0945724,Takashi Yamazaki
3858973,Ramy Youssef
0672621,Vicki Pepperdine
10354428,Jack Barton
4193460,Charlie Hiscock
8581180,Attila Dobai
10446192,Emma Hindle
13579466,Anders Olof Grundberg
15576316,Attila Kecskeméthy
15182213,Jucimar Barbosa
3244362,Carminho
15182214,Angela Paula Stander
15182215,Gustavo Gomes
7156006,Kate Handford
4865828,Owen Good
15182216,Zen Joshua Poisson
5007768,Da&#x27;Vine Joy Randolph
14073757,Dominic Sessa
0696387,Carrie Preston
10676456,Brady Hepner
12934509,Ian Dolley
8806561,Jim Kaplan
4413892,Michael Provost
1542442,Andrew Garman
3608877,Naheem Garcia
12060367,Stephen Thorne
0897005,Gillian Vigman
9548774,Darby Lee-Stack
1128356,Bill Mootos
3770854,Dustin Tucker
7411513,Juanita Pearl
4782621,Alexander Cook
1197689,Sandra Hüller
0035128,Swann Arlaud
12299991,Milo Machado-Graner
6995530,Antoine Reinartz
2707986,Samuel Theis
2021640,Jehnny Beth
2161889,Saadia Bentaïeb
4166709,Camille Rutherford
9880656,Anne Rotger
0277230,Sophie Fillières
15230869,Messi
14880257,Julien Comte
5716162,Pierre-François Garel
14880258,Savannah Rol
9593284,Ilies Kadri
8722455,Vincent Courcelle-Labrousse
14880259,Cécile Brunet-Ludet
14880260,Nesrine Slaoui
2630323,Justine Triet
13177683,Soma Santoki
4027243,Masaki Suda
0793069,Kô Shibasaki
11909683,Aimyon
0454128,Yoshino Kimura
0454120,Takuya Kimura
0847580,Keiko Takeshita
0297149,Jun Fubuki
0012904,Sawako Agawa
3898001,Karen Takizawa
0652718,Shinobu Ôtake
0475165,Jun Kunimura
0462006,Kaoru Kobayashi
0385846,Shohei Hino
3044122,Nami Uehara
13075918,Kiyoko Nishimura
7584229,Ryunosuke Watanuki
12017533,Takuya Yagyu
0743896,Tracee Ellis Ross
0004697,Erika Alexander
0880081,Leslie Uggams
4793987,Issa Rae
0852939,Myra Lucretia Taylor
0859403,Raymond Anthony Thomas
3916460,Okieriete Onaodowan
0794896,Miriam Shor
0279209,Patrick Fischler
0503638,Neal Lerner
0364835,Jenn Harris
6852255,Cord Jefferson
3041056,Christian Friedel
14477035,Johann Karthaus
15343998,Luis Noah Witte
15213554,Nele Ahrensmeier
14754352,Lilli Falk
15343999,Anastazja Drobniak
15344000,Cecylia Pekala
15344001,Kalman Wilson
10274701,Medusa Knopf
5344130,Max Beck
15805573,Slava the Dog
16115444,Andrey Isaev
15805574,Julia Babiarz
4143155,Stephanie Petrowitz
15344004,Martyna Poznanski
15344003,Zuzanna Kobiela
0882612,Benjamin Utzerath
0322242,Jonathan Glazer
3381295,Alexandra Shipp
8076281,Emma Mackey
6341515,Hari Nef
5287110,Sharon Rooney
2474626,Ana Cruz Kayne
5709125,Ritu Arya
7645984,Dua Lipa
1965552,Nicola Coughlan
4855517,Simu Liu
4667984,Kingsley Ben-Adir
6967441,Ncuti Gatwa
3268924,Scott Evans
1078479,John Cena
